=CFrame.new(-67.5031891,-74.611969,-14.457736,1,-6.37466928E-6,4.26825172e-005,-3.75621021E-5,0.358411252,0.933563769,-2.12490559E-5,-0.933563769,0.358411252)w5.Part1=p6;w5.C1=CFrame.new(-11.2799978,-66.1456223,-67.5023346,-4.3711388300000005E-8,1,4.37113883e-008,0,-4.3711388300000005E-8,1,1,4.37113883e-008,1.91068547e-015)w6=Instance.new("Weld",p6)w6.Name="Part_Weld"w6.Part0=p6;w6.C0=CFrame.new(-11.2799978,-66.1456223,-67.5023346,-4.3711388300000005E-8,1,4.37113883e-008,0,-4.3711388300000005E-8,1,1,4.37113883e-008,1.91068547e-015)w6.Part1=p7;w6.C1=CFrame.new(-67.5183792,-21.1694489,74.0717163,1,-3.97989206E-5,1.13026372e-005,-4.09751265E-5,-0.91493088,0.403610349,-5.72212457E-6,-0.403610349,-0.91493088)w7=Instance.new("Weld",p7)w7.Name="Part_Weld"w7.Part0=p7;w7.C0=CFrame.new(-67.5183792,-21.1694489,74.0717163,1,-3.97989206E-5,1.13026372e-005,-4.09751265E-5,-0.91493088,0.403610349,-5.72212457E-6,-0.403610349,-0.91493088)w7.Part1=p8;w7.C1=CFrame.new(-67.508461,-23.234499,73.7728119,1,-3.97989206E-5,1.13026372e-005,-4.09751265E-5,-0.91493088,0.403610349,-5.72212457E-6,-0.403610349,-0.91493088)w8=Instance.new("Weld",p8)w8.Name="Part_Weld"w8.Part0=p8;w8.C0=CFrame.new(-67.508461,-23.234499,73.7728119,1,-3.97989206E-5,1.13026372e-005,-4.09751265E-5,-0.91493088,0.403610349,-5.72212457E-6,-0.403610349,-0.91493088)w8.Part1=p9;w8.C1=CFrame.new(-72.2151413,-19.6674671,-67.5124359,-2.77766703E-5,0.353263557,0.935524285,-1.84533783E-5,-0.935524285,0.353263557,1,-7.4510931E-6,3.25046385e-005)w9=Instance.new("Weld",p9)w9.Name="Part_Weld"w9.Part0=p9;w9.C0=CFrame.new(-72.2151413,-19.6674671,-67.5124359,-2.77766703E-5,0.353263557,0.935524285,-1.84533783E-5,-0.935524285,0.353263557,1,-7.4510931E-6,3.25046385e-005)w9.Part1=p10;w9.C1=CFrame.new(67.0792923,-29.5803547,-67.4901428,-2.24114753E-8,0.292369425,-0.956305802,3.04095332e-010,0.956305802,0.292369425,1,6.26159258e-009,-2.15211493E-8)w10=Instance.new("Weld",p10)w10.Name="Part_Weld"w10.Part0=p10;w10.C0=CFrame.new(67.0792923,-29.5803547,-67.4901428,-2.24114753E-8,0.292369425,-0.956305802,3.04095332e-010,0.956305802,0.292369425,1,6.26159258e-009,-2.15211493E-8)w10.Part1=p11;w10.C1=CFrame.new(-62.9921722,32.1197624,-67.5121918,-2.88835581E-5,-0.362230271,0.932088912,9.3476192e-006,-0.932088912,-0.362230271,1,-1.74967965E-6,3.03080251e-005)w11=Instance.new("Weld",p11)w11.Name="Part_Weld"w11.Part0=p11;w11.C0=CFrame.new(-62.9921722,32.1197624,-67.5121918,-2.88835581E-5,-0.362230271,0.932088912,9.3476192e-006,-0.932088912,-0.362230271,1,-1.74967965E-6,3.03080251e-005)w11.Part1=p12;w11.C1=CFrame.new(67.5028763,72.2527161,6.8300252,-1,-9.15522687E-5,-3.05189751E-5,3.05161811e-005,3.05189751e-005,-1,9.15532e-005,-1,-3.05161811E-5)w12=Instance.new("Weld",p12)w12.Name="Part_Weld"w12.Part0=p12;w12.C0=CFrame.new(67.5028763,72.2527161,6.8300252,-1,-9.15522687E-5,-3.05189751E-5,3.05161811e-005,3.05189751e-005,-1,9.15532e-005,-1,-3.05161811E-5)w12.Part1=p13;w12.C1=CFrame.new(-72.3439255,18.054121,-67.5101624,-4.09776035E-8,-0.11906305,0.992886722,4.05430745e-010,-0.992886722,-0.11906305,1,-4.47637571E-9,4.0734399e-008)w13=Instance.new("Weld",p13)w13.Name="Part_Weld"w13.Part0=p13;w13.C0=CFrame.new(-72.3439255,18.054121,-67.5101624,-4.09776035E-8,-0.11906305,0.992886722,4.05430745e-010,-0.992886722,-0.11906305,1,-4.47637571E-9,4.0734399e-008)w13.Part1=p14;w13.C1=CFrame.new(69.1140671,24.5752277,-67.4901428,-2.4837334E-8,-0.462350011,-0.886697888,5.64353009e-010,0.886697888,-0.462350011,1,-1.19839818E-8,-2.17623022E-8)w14=Instance.new("Weld",p14)w14.Name="Part_Weld"w14.Part0=p14;w14.C0=CFrame.new(69.1140671,24.5752277,-67.4901428,-2.4837334E-8,-0.462350011,-0.886697888,5.64353009e-010,0.886697888,-0.462350011,1,-1.19839818E-8,-2.17623022E-8)w14.Part1=p15;w14.C1=CFrame.new(47.9809418,-52.7511749,-67.5101318,-3.94735267E-8,0.64509654,-0.764101744,-4.55740418E-10,0.764101744,0.64509654,1,2.58124242e-008,-2.98677882E-8)w15=Instance.new("Weld",p15)w15.Name="Part_Weld"w15.Part0=p15;w15.C0=CFrame.new(47.9809418,-52.7511749,-67.5101318,-3.94735267E-8,0.64509654,-0.764101744,-4.55740418E-10,0.764101744,0.64509654,1,2.58124242e-008,-2.98677882E-8)w15.Part1=p16;w15.C1=CFrame.new(-75.3105469,-10.1974039,-67.5001221,-4.3711388300000005E-8,0.258818924,0.965925872,0,-0.965925872,0.258818924,1,1.13133343e-008,4.22219593e-008)w16=Instance.new("Weld",p16)w16.Name="Part_Weld"w16.Part0=p16;w16.C0=CFrame.new(-75.3105469,-10.1974039,-67.5001221,-4.3711388300000005E-8,0.258818924,0.965925872,0,-0.965925872,0.258818924,1,1.13133343e-008,4.22219593e-008)w16.Part1=p17;w16.C1=CFrame.new(64.0820847,-29.3829937,-67.5001373,-4.09009289E-8,0.293349952,-0.956005633,4.38312497e-010,0.956005633,0.293349952,1,1.15792238e-008,-3.92300876E-8)w17=Instance.new("Weld",p17)w17.Name="Wedge_Weld"w17.Part0=p17;w17.C0=CFrame.new(64.0820847,-29.3829937,-67.5001373,-4.09009289E-8,0.293349952,-0.956005633,4.38312497e-010,0.956005633,0.293349952,1,1.15792238e-008,-3.92300876E-8)w17.Part1=p18;w17.C1=CFrame.new(-67.4979324,69.4871521,-6.82958078,1,3.05171125e-005,-3.0518043799999997E-5,-3.05171125E-5,-3.0518043799999997E-5,-1,-3.0518043799999997E-5,1,-3.05171125E-5)w18=Instance.new("Weld",p18)w18.Name="Wedge_Weld"w18.Part0=p18;w18.C0=CFrame.new(-67.4979324,69.4871521,-6.82958078,1,3.05171125e-005,-3.0518043799999997E-5,-3.05171125E-5,-3.0518043799999997E-5,-1,-3.0518043799999997E-5,1,-3.05171125E-5)w18.Part1=p19;w18.C1=CFrame.new(67.4982986,-75.0367737,-6.83008671,-1,-9.15532E-5,3.05161811e-005,3.05189751e-005,-3.05161811E-5,1,-9.15522687E-5,1,3.05189751e-005)w19=Instance.new("Weld",p19)w19.Name="Part_Weld"w19.Part0=p19;w19.C0=CFrame.new(67.4982986,-75.0367737,-6.83008671,-1,-9.15532E-5,3.05161811e-005,3.05189751e-005,-3.05161811E-5,1,-9.15522687E-5,1,3.05189751e-005)w19.Part1=p20;w19.C1=CFrame.new(-16.3677292,-69.9670334,-67.5001678,-1.77821063E-10,0.992886961,0.119063012,-1.46926671E-9,-0.119063012,0.992886961,1,1.59595731e-012,1.47997492e-009)w20=Instance.new("Weld",p20)w20.Name="Part_Weld"w20.Part0=p20;w20.C0=CFrame.new(-16.3677292,-69.9670334,-67.5001678,-1.77821063E-10,0.992886961,0.119063012,-1.46926671E-9,-0.119063012,0.992886961,1,1.59595731e-012,1.47997492e-009)w20.Part1=p21;w20.C1=CFrame.new(-67.5104218,-38.2193756,67.100563,1,-4.10709617E-5,9.00123541e-006,-3.82823673E-5,-0.800855637,0.598857403,-1.73869594E-5,-0.598857403,-0.800855637)cW.Parent=by;cW:MakeJoints()local cX=Instance.new("Part",by.Absolution)cX.Name="Thingy"cX.Locked=true;cX.BottomSurface=0;cX.CanCollide=false;cX.Size=Vector3.new(1,13,1)cX.Transparency=1;cX.TopSurface=0;corw=Instance.new("Weld",cX)corw.Part0=bb;corw.Part1=cX;corw.C0=CFrame.new(0,-1,-1.1)*CFrame.Angles(math.rad(0),math.rad(0),math.rad(0))corw.C1=CFrame.new(0,0,0)weld1=Instance.new("Weld",by.Absolution)weld1.Part0=cX;weld1.Part1=p6;weld1.C0=CFrame.new(0,0,0)hitb=Instance.new("Part",by.Absolution)hitb.Name="Thingy2"hitb.Locked=true;hitb.BottomSurface=0;hitb.CanCollide=false;hitb.Size=Vector3.new(0,8,6)hitb.Transparency=1;hitb.TopSurface=0;weld2=Instance.new("Weld",by.Absolution)weld2.Part0=hitb;weld2.Part1=p12;weld2.C0=CFrame.new(0,.6,1)local cY=Instance.new"Model"cY.Name="Claw"p1=Instance.new("Part",cY)p1.BrickColor=BrickColor.new"Really black"p1.FormFactor=Enum.FormFactor.Custom;p1.Size=Vector3.new(1.5,0.5,0.5)p1.CFrame=CFrame.new(2.91120553,6.79703379,-19.5339718,-0.205515206,-0.209888965,0.955883741,0.52527827,-0.847774804,-7.3215968899999995E-2,0.825741529,0.487057745,0.284480691)p1.CanCollide=false;p1.Locked=true;p1.BottomSurface=Enum.SurfaceType.Smooth;p1.TopSurface=Enum.SurfaceType.Smooth;b1=Instance.new("BlockMesh",p1)b1.Name="Mesh"p2=Instance.new("WedgePart",cY)p2.BrickColor=BrickColor.new"Really black"p2.Name="Wedge"p2.FormFactor=Enum.FormFactor.Custom;p2.Size=Vector3.new(3,1,0.5)p2.CFrame=CFrame.new(2.94872427,6.13246727,-16.5004997,-5.96046448E-8,-4.47034836E-8,-1.00000358,-1.3615936E-5,0.99999994,4.47034836e-008,1.00000358,1.41002238e-005,0)p2.CanCollide=false;p2.Locked=true;p2.BottomSurface=Enum.SurfaceType.Smooth;p2.TopSurface=Enum.SurfaceType.Smooth;p3=Instance.new("Part",cY)p3.BrickColor=BrickColor.new"Really black"p3.FormFactor=Enum.FormFactor.Custom;p3.Size=Vector3.new(1.5,0.5,0.5)p3.CFrame=CFrame.new(1.84869456,6.79700661,-18.5422173,-5.06400113E-8,1.07230136e-007,1.00000715,-0.499905825,-0.866079628,-1.1125789E-7,0.86608547,-0.499910295,-2.1747688099999998E-8)p3.CanCollide=false;p3.Locked=true;p3.BottomSurface=Enum.SurfaceType.Smooth;p3.TopSurface=Enum.SurfaceType.Smooth;b2=Instance.new("BlockMesh",p3)b2.Name="Mesh"p4=Instance.new("WedgePart",cY)p4.BrickColor=BrickColor.new"Really black"p4.Name="Wedge"p4.FormFactor=Enum.FormFactor.Custom;p4.Size=Vector3.new(3,1,0.5)p4.CFrame=CFrame.new(0.0487272739,4.13279819,-16.5004959,-1.62921424E-7,1.78814929e-007,1.00001431,-1.2755394E-5,-0.999999762,-1.7881384900000001E-7,1.00001431,-1.46627426E-5,-7.54998553E-8)p4.CanCollide=false;p4.Locked=true;p4.BottomSurface=Enum.SurfaceType.Smooth;p4.TopSurface=Enum.SurfaceType.Smooth;p5=Instance.new("Part",cY)p5.BrickColor=BrickColor.new"Really black"p5.FormFactor=Enum.FormFactor.Custom;p5.Size=Vector3.new(1.5,0.5,0.5)p5.CFrame=CFrame.new(1.84874606,6.79701567,-19.6422844,-4.29027068E-7,1.9046513e-007,1.00001431,0.500089467,-0.865973532,2.18601315e-008,0.865987122,0.50009501,3.78533827e-008)p5.CanCollide=false;p5.Locked=true;p5.BottomSurface=Enum.SurfaceType.Smooth;p5.TopSurface=Enum.SurfaceType.Smooth;b3=Instance.new("BlockMesh",p5)b3.Name="Mesh"p6=Instance.new("Part",cY)p6.BrickColor=BrickColor.new"Really black"p6.FormFactor=Enum.FormFactor.Custom;p6.Size=Vector3.new(1.5,0.5,0.5)p6.CFrame=CFrame.new(2.61122823,6.79701757,-18.433939,-0.250001401,0.0669622123,0.965941966,-0.491382152,-0.868364573,-6.698018309999999E-2,0.834303975,-0.491393685,0.249996051)p6.CanCollide=false;p6.Locked=true;p6.BottomSurface=Enum.SurfaceType.Smooth;p6.TopSurface=Enum.SurfaceType.Smooth;b4=Instance.new("BlockMesh",p6)b4.Name="Mesh"p7=Instance.new("Part",cY)p7.BrickColor=BrickColor.new"Really black"p7.FormFactor=Enum.FormFactor.Custom;p7.Size=Vector3.new(3,1,1.20000005)p7.CFrame=CFrame.new(2.59874034,5.13276958,-16.5005379,-3.27825546E-7,-3.57627869E-7,-1.00001431,-1.33868307E-4,0.99999994,1.49011612e-008,1.00001442,0.000135900453,-5.96046448E-8)p7.CanCollide=false;p7.Locked=true;p7.BottomSurface=Enum.SurfaceType.Smooth;p7.TopSurface=Enum.SurfaceType.Smooth;b5=Instance.new("BlockMesh",p7)b5.Name="Mesh"p8=Instance.new("Part",cY)p8.BrickColor=BrickColor.new"Bright blue"p8.FormFactor=Enum.FormFactor.Symmetric;p8.Size=Vector3.new(1,1,1)p8.CFrame=CFrame.new(1.84841466,6.25537968,-20.3997307,-1.42129729E-5,0.00428489037,-1.00000513,0.965967655,0.258660465,0.00109496934,0.258668512,-0.965972245,-4.14247159E-3)p8.CanCollide=false;p8.Locked=true;b6=Instance.new("SpecialMesh",p8)b6.MeshId="http://www.roblox.com/Asset/?id=9756362"b6.TextureId=""b6.MeshType=Enum.MeshType.FileMesh;b6.Name="Mesh"b6.Scale=Vector3.new(1.20000005,0.449999988,0.449999988)p9=Instance.new("Part",cY)p9.BrickColor=BrickColor.new"Really black"p9.FormFactor=Enum.FormFactor.Custom;p9.Size=Vector3.new(1.5,0.5,0.5)p9.CFrame=CFrame.new(2.79691935,3.68131566,-18.264101,-0.277095288,-0.561500967,-0.779720128,0.631033003,0.505603611,-0.58835566,0.724593103,-0.655058563,0.214224264)p9.CanCollide=false;p9.Locked=true;p9.BottomSurface=Enum.SurfaceType.Smooth;p9.TopSurface=Enum.SurfaceType.Smooth;b7=Instance.new("BlockMesh",p9)b7.Name="Mesh"p10=Instance.new("Part",cY)p10.BrickColor=BrickColor.new"Bright blue"p10.FormFactor=Enum.FormFactor.Symmetric;p10.Size=Vector3.new(1,1,1)p10.CFrame=CFrame.new(3.09846497,6.25236273,-20.2996788,-6.69716895E-2,0.254178405,-0.964850724,0.96595335,0.258713901,0.00110733509,0.249903828,-0.93192625,-0.262850702)p10.CanCollide=false;p10.Locked=true;b8=Instance.new("SpecialMesh",p10)b8.MeshId="http://www.roblox.com/Asset/?id=9756362"b8.TextureId=""b8.MeshType=Enum.MeshType.FileMesh;b8.Name="Mesh"b8.Scale=Vector3.new(1.20000005,0.449999988,0.449999988)p11=Instance.new("Part",cY)p11.BrickColor=BrickColor.new"Really black"p11.FormFactor=Enum.FormFactor.Custom;p11.Size=Vector3.new(1.5,0.5,0.5)p11.CFrame=CFrame.new(0.386122227,6.79699421,-18.533905,0.250022948,-6.694732609999999E-2,0.965937555,-0.491377324,-0.868365645,0.0670026764,0.834300399,-0.491393894,-0.250007868)p11.CanCollide=false;p11.Locked=true;p11.BottomSurface=Enum.SurfaceType.Smooth;p11.TopSurface=Enum.SurfaceType.Smooth;b9=Instance.new("BlockMesh",p11)b9.Name="Mesh"p12=Instance.new("Part",cY)p12.BrickColor=BrickColor.new"Really black"p12.FormFactor=Enum.FormFactor.Custom;p12.Size=Vector3.new(1.5,0.5,0.5)p12.CFrame=CFrame.new(1.14871967,6.79700947,-19.6422291,-4.76837158E-7,2.83122063e-007,1.00001442,0.500089884,-0.865973473,4.47034836e-008,0.865987122,0.500095367,1.49011612e-008)p12.CanCollide=false;p12.Locked=true;p12.BottomSurface=Enum.SurfaceType.Smooth;p12.TopSurface=Enum.SurfaceType.Smooth;b10=Instance.new("BlockMesh",p12)b10.Name="Mesh"p13=Instance.new("Part",cY)p13.BrickColor=BrickColor.new"Really black"p13.FormFactor=Enum.FormFactor.Custom;p13.Size=Vector3.new(1.5,0.5,0.5)p13.CFrame=CFrame.new(1.14870512,6.79699612,-18.5421638,-4.63888163E-8,5.08347114e-007,1.00001442,-0.499899268,-0.866083562,-2.18518963E-8,0.866095126,-0.499908328,3.78581007e-008)p13.CanCollide=false;p13.Locked=true;p13.BottomSurface=Enum.SurfaceType.Smooth;p13.TopSurface=Enum.SurfaceType.Smooth;b11=Instance.new("BlockMesh",p13)b11.Name="Mesh"p14=Instance.new("Part",cY)p14.BrickColor=BrickColor.new"Bright blue"p14.FormFactor=Enum.FormFactor.Symmetric;p14.Size=Vector3.new(1,1,1)p14.CFrame=CFrame.new(1.14845455,6.25537348,-20.3996773,-1.42545232E-5,0.00425684778,-1.00000536,0.965958476,0.258694947,0.00108788908,0.258703023,-0.965963125,-4.11536777E-3)p14.CanCollide=false;p14.Locked=true;b12=Instance.new("SpecialMesh",p14)b12.MeshId="http://www.roblox.com/Asset/?id=9756362"b12.TextureId=""b12.MeshType=Enum.MeshType.FileMesh;b12.Name="Mesh"b12.Scale=Vector3.new(1.20000005,0.449999988,0.449999988)p15=Instance.new("Part",cY)p15.BrickColor=BrickColor.new"Medium stone grey"p15.Transparency=1;p15.Name="ArmPart"p15.FormFactor=Enum.FormFactor.Custom;p15.Size=Vector3.new(2,1,1)p15.CFrame=CFrame.new(1.49875152,5.13257265,-16.0004654,-2.99420208E-7,4.39002179e-007,1.00001442,0.00011029192,-1,0,1.00001454,0.000108176115,4.42378223e-008)p15.CanCollide=false;p15.Locked=true;p15.BottomSurface=Enum.SurfaceType.Smooth;p15.TopSurface=Enum.SurfaceType.Smooth;b13=Instance.new("BlockMesh",p15)b13.Name="Mesh"p16=Instance.new("Part",cY)p16.BrickColor=BrickColor.new"Really black"p16.FormFactor=Enum.FormFactor.Custom;p16.Size=Vector3.new(3,1,2.4000001)p16.CFrame=CFrame.new(1.49872661,6.13250732,-16.5007095,-2.98894406E-7,4.39006953e-007,1.00001442,0.000110270419,-1,4.71678729e-012,1.00001454,0.000108154614,4.37120207e-008)p16.CanCollide=false;p16.Locked=true;p16.BottomSurface=Enum.SurfaceType.Smooth;p16.TopSurface=Enum.SurfaceType.Smooth;b14=Instance.new("BlockMesh",p16)b14.Name="Mesh"p17=Instance.new("Part",cY)p17.BrickColor=BrickColor.new"Really black"p17.FormFactor=Enum.FormFactor.Custom;p17.Size=Vector3.new(1.5,0.5,0.5)p17.CFrame=CFrame.new(2.77308726,3.37837577,-19.2558823,0.396035522,-0.497440547,-0.771840453,-0.207958207,0.770127177,-0.603040278,0.894391596,0.399337679,0.201549783)p17.CanCollide=false;p17.Locked=true;p17.BottomSurface=Enum.SurfaceType.Smooth;p17.TopSurface=Enum.SurfaceType.Smooth;b15=Instance.new("BlockMesh",p17)b15.Name="Mesh"p18=Instance.new("Part",cY)p18.BrickColor=BrickColor.new"Bright blue"p18.FormFactor=Enum.FormFactor.Symmetric;p18.Size=Vector3.new(1,1,1)p18.CFrame=CFrame.new(-5.16102314E-2,6.25535488,-20.1996384,0.066943109,-0.245838761,-0.967011333,0.965954781,0.258709013,0.00110003352,0.249906152,-0.934162259,0.254788101)p18.CanCollide=false;p18.Locked=true;b16=Instance.new("SpecialMesh",p18)b16.MeshId="http://www.roblox.com/Asset/?id=9756362"b16.TextureId=""b16.MeshType=Enum.MeshType.FileMesh;b16.Name="Mesh"b16.Scale=Vector3.new(1.20000005,0.449999988,0.449999988)p19=Instance.new("Part",cY)p19.BrickColor=BrickColor.new"Bright blue"p19.FormFactor=Enum.FormFactor.Symmetric;p19.Size=Vector3.new(1,1,1)p19.CFrame=CFrame.new(2.43177533,3.59484506,-20.0301056,0.559401393,0.116905749,0.820629179,-0.685213447,-0.491872638,0.537163019,0.466440916,-0.862796843,-0.195047855)p19.CanCollide=false;p19.Locked=true;b17=Instance.new("SpecialMesh",p19)b17.MeshId="http://www.roblox.com/Asset/?id=9756362"b17.TextureId=""b17.MeshType=Enum.MeshType.FileMesh;b17.Name="Mesh"b17.Scale=Vector3.new(1.20000005,0.449999988,0.449999988)p20=Instance.new("Part",cY)p20.BrickColor=BrickColor.new"Really black"p20.FormFactor=Enum.FormFactor.Custom;p20.Size=Vector3.new(3,1,2.4000001)p20.CFrame=CFrame.new(1.49873698,4.13275099,-16.500618,-2.38418579E-7,-4.47034836E-7,-1.00001454,-1.3379752599999999E-4,1.00000024,-2.98023224E-8,1.00001466,0.000135831535,-5.96046448E-8)p20.CanCollide=false;p20.Locked=true;p20.BottomSurface=Enum.SurfaceType.Smooth;p20.TopSurface=Enum.SurfaceType.Smooth;b18=Instance.new("BlockMesh",p20)b18.Name="Mesh"p21=Instance.new("Part",cY)p21.BrickColor=BrickColor.new"Really black"p21.FormFactor=Enum.FormFactor.Custom;p21.Size=Vector3.new(3,1,1.19999993)p21.CFrame=CFrame.new(0.398718834,5.13273239,-16.5005798,-2.22529991E-7,-4.17224015E-7,-1.00001454,-1.33820766E-4,1.00000024,5.9472427e-012,1.00001466,0.000135854774,-4.37120207E-8)p21.CanCollide=false;p21.Locked=true;p21.BottomSurface=Enum.SurfaceType.Smooth;p21.TopSurface=Enum.SurfaceType.Smooth;b19=Instance.new("BlockMesh",p21)b19.Name="Mesh"p22=Instance.new("WedgePart",cY)p22.BrickColor=BrickColor.new"Really black"p22.Name="Wedge"p22.FormFactor=Enum.FormFactor.Custom;p22.Size=Vector3.new(3,1,0.5)p22.CFrame=CFrame.new(2.94884443,4.13282013,-16.5005474,1.35156796e-007,4.17202415e-007,-1.00001454,1.19470278e-005,-1.00000024,-6.07483681E-13,-1.00001466,-1.39792755E-5,4.37120278e-008)p22.CanCollide=false;p22.Locked=true;p22.BottomSurface=Enum.SurfaceType.Smooth;p22.TopSurface=Enum.SurfaceType.Smooth;p23=Instance.new("Part",cY)p23.BrickColor=BrickColor.new"Really black"p23.FormFactor=Enum.FormFactor.Custom;p23.Size=Vector3.new(1.5,0.5,0.5)p23.CFrame=CFrame.new(0.111123323,6.79699326,-19.53405,0.167916089,0.220654398,0.960804224,0.593452632,-0.800862908,0.0802069977,0.787171543,0.556722164,-0.265425682)p23.CanCollide=false;p23.Locked=true;p23.BottomSurface=Enum.SurfaceType.Smooth;p23.TopSurface=Enum.SurfaceType.Smooth;b20=Instance.new("BlockMesh",p23)b20.Name="Mesh"p24=Instance.new("WedgePart",cY)p24.BrickColor=BrickColor.new"Really black"p24.Name="Wedge"p24.FormFactor=Enum.FormFactor.Custom;p24.Size=Vector3.new(3,1,0.5)p24.CFrame=CFrame.new(0.0487362742,6.13243389,-16.5004158,-1.65194273E-4,-3.0361861E-4,1.00001442,0.00304524973,0.999995589,0.000303655863,-1.00001013,0.00304720178,-1.64449215E-4)p24.CanCollide=false;p24.Locked=true;p24.BottomSurface=Enum.SurfaceType.Smooth;p24.TopSurface=Enum.SurfaceType.Smooth;p25=Instance.new("Part",cY)p25.BrickColor=BrickColor.new"Bright blue"p25.FormFactor=Enum.FormFactor.Symmetric;p25.Size=Vector3.new(1,1,1)p25.CFrame=CFrame.new(1.49870086,5.13261318,-18.0007782,1.20991026e-005,-1.00001454,-4.94604174E-5,-1.00000024,-1.1615571599999999E-5,-4.71511274E-4,0.000469659513,4.96469293e-005,-1.00001466)p25.CanCollide=false;p25.Locked=true;p25.BottomSurface=Enum.SurfaceType.Smooth;p25.TopSurface=Enum.SurfaceType.Smooth;b21=Instance.new("SpecialMesh",p25)b21.MeshId="http://www.roblox.com/asset/?id=3270017"b21.TextureId=""b21.MeshType=Enum.MeshType.FileMesh;b21.Name="Mesh"b21.Scale=Vector3.new(1.39999998,1.39999998,0.600000024)p26=Instance.new("Part",cY)p26.BrickColor=BrickColor.new"Really black"p26.FormFactor=Enum.FormFactor.Symmetric;p26.Size=Vector3.new(1,1,1)p26.CFrame=CFrame.new(1.49868095,5.13287783,-17.5005093,0.00030383491,0.000164763711,-1.00001454,-0.999995768,-3.02907336E-3,-3.03868263E-4,-3.03102471E-3,1.00001025,0.000164022902)p26.CanCollide=false;p26.Locked=true;p26.BottomSurface=Enum.SurfaceType.Smooth;p26.TopSurface=Enum.SurfaceType.Smooth;b22=Instance.new("SpecialMesh",p26)b22.MeshType=Enum.MeshType.Brick;b22.Name="Mesh"w1=Instance.new("Weld",p1)w1.Name="Wedge_Weld"w1.Part0=p1;w1.C0=CFrame.new(13.1579618,15.8875484,3.27191186,-0.205515206,0.52527827,0.825741529,-0.209888965,-0.847774804,0.487057745,0.955883741,-7.3215968899999995E-2,0.284480691)w1.Part1=p2;w1.C1=CFrame.new(16.5005817,-6.13223743,2.94872212,-4.3711388300000005E-8,-1.38580826E-5,1,0,1,1.38580826e-005,-1,6.05756005e-013,-4.3711388300000005E-8)w2=Instance.new("Weld",p2)w2.Name="Part_Weld"w2.Part0=p2;w2.C0=CFrame.new(16.5006275,-6.13223362,2.94873357,-5.96046448E-8,-1.3615936E-5,1.00000358,-4.47034836E-8,0.99999994,1.41002238e-005,-1.00000358,4.47034836e-008,0)w2.Part1=p3;w2.C1=CFrame.new(19.4568748,-3.38260746,-1.84870064,-4.3711388300000005E-8,-0.499906301,0.866079509,0,-0.866079509,-0.499906301,1,-2.1851597899999997E-8,3.78575393e-008)w3=Instance.new("Weld",p3)w3.Name="Wedge_Weld"w3.Part0=p3;w3.C0=CFrame.new(19.456995,-3.38268948,-1.84870648,-5.06400113E-8,-0.499905825,0.86608547,1.07230136e-007,-0.866079628,-0.499910295,1.00000715,-1.1125789E-7,-2.1747688099999998E-8)w3.Part1=p4;w3.C1=CFrame.new(16.5005646,4.13256884,-4.87511083E-2,-4.3711388300000005E-8,-1.37408551E-5,1,0,-1,-1.37408551E-5,1,-6.00631849E-13,4.37113883e-008)w4=Instance.new("Weld",p4)w4.Name="Part_Weld"w4.Part0=p4;w4.C0=CFrame.new(16.5007706,4.13255453,-4.87275235E-2,-1.62921424E-7,-1.2755394E-5,1.00001431,1.78814929e-007,-0.999999762,-1.46627426E-5,1.00001431,-1.7881384900000001E-7,-7.54998553E-8)w4.Part1=p5;w4.C1=CFrame.new(13.6104183,15.7089605,-1.84869325,-4.3711388300000005E-8,0.500093758,0.865971267,0,-0.865971267,0.500093758,1,2.18597922e-008,3.78528071e-008)w5=Instance.new("Weld",p5)w5.Name="Part_Weld"w5.Part0=p5;w5.C0=CFrame.new(13.6108379,15.7090359,-1.84877098,-4.29027068E-7,0.500089467,0.865987122,1.9046513e-007,-0.865973532,0.50009501,1.00001431,2.18601315e-008,3.78533827e-008)w5.Part1=p6;w5.C1=CFrame.new(19.3720245,-3.33087778,2.54137325,-0.249996737,-0.491388977,0.834289134,0.0669635162,-0.868360817,-0.491391122,0.965928316,-6.6979244399999995E-2,0.24999252)w6=Instance.new("Weld",p6)w6.Name="Part_Weld"w6.Part0=p6;w6.C0=CFrame.new(19.3722382,-3.33087826,2.54137945,-0.250001401,-0.491382152,0.834303975,0.0669622123,-0.868364573,-0.491393685,0.965941966,-6.698018309999999E-2,0.249996051)w6.Part1=p7;w6.C1=CFrame.new(16.5012703,-5.1305232,2.59873891,-4.3711388300000005E-8,-1.35861075E-4,1,0,1,0.000135861075,-1,5.9386762e-012,-4.3711388300000005E-8)w7=Instance.new("Weld",p7)w7.Name="Part_Weld"w7.Part0=p7;w7.C0=CFrame.new(16.5014496,-5.13052464,2.59877563,-3.27825546E-7,-1.33868307E-4,1.00001442,-3.57627869E-7,0.99999994,0.000135900453,-1.00001431,1.49011612e-008,-5.96046448E-8)w7.Part1=p8;w7.C1=CFrame.new(-0.765930653,-21.3311157,1.75706458,-1.37833995E-5,0.965968609,0.258659452,0.00428466033,0.258657128,-0.965959728,-0.999990821,0.00109495374,-4.14241292E-3)w8=Instance.new("Weld",p8)w8.Name="Part_Weld"w8.Part0=p8;w8.C0=CFrame.new(-0.765703201,-21.3314991,1.75706851,-1.42129729E-5,0.965967655,0.258668512,0.00428489037,0.258660465,-0.965972245,-1.00000513,0.00109496934,-4.14247159E-3)w8.Part1=p9;w8.C1=CFrame.new(11.6857395,-12.2548676,8.25926208,-0.277089596,0.631037474,0.724577785,-0.561487973,0.505604029,-0.655054033,-0.779713154,-0.588350415,0.214222342)w9=Instance.new("Weld",p9)w9.Name="Part_Weld"w9.Part0=p9;w9.C0=CFrame.new(11.6860123,-12.254859,8.25934601,-0.277095288,0.631033003,0.724593103,-0.561500967,0.505603611,-0.655058563,-0.779720128,-0.58835566,0.214224264)w9.Part1=p10;w9.C1=CFrame.new(-0.759226322,-21.3225994,-2.35311079,-6.6969387199999995E-2,0.965954244,0.249894977,0.254174918,0.258710593,-0.931914091,-0.964836895,0.00110732042,-0.262847036)w10=Instance.new("Weld",p10)w10.Name="Part_Weld"w10.Part0=p10;w10.C0=CFrame.new(-0.759016514,-21.3229256,-2.3531487,-6.69716895E-2,0.96595335,0.249903828,0.254178405,0.258713901,-0.93192625,-0.964850724,0.00110733509,-0.262850702)w10.Part1=p11;w10.C1=CFrame.new(18.7059784,-3.17931223,-5.46201515,0.250018269,-0.49138394,0.834285676,-6.69495314E-2,-0.86836195,-0.491391063,0.965923727,0.0670017004,-0.250004292)w11=Instance.new("Weld",p11)w11.Name="Part_Weld"w11.Part0=p11;w11.C0=CFrame.new(18.7061806,-3.17931461,-5.46200418,0.250022948,-0.491377324,0.834300399,-6.694732609999999E-2,-0.868365645,-0.491393894,0.965937555,0.0670026764,-0.250007868)w11.Part1=p12;w11.C1=CFrame.new(13.6104174,15.708952,-1.1486963,-4.3711388300000005E-8,0.500093997,0.865971148,0,-0.865971148,0.500093997,1,2.18598029e-008,3.78528e-008)w12=Instance.new("Weld",p12)w12.Name="Part_Weld"w12.Part0=p12;w12.C0=CFrame.new(13.6107903,15.7090092,-1.1487354,-4.76837158E-7,0.500089884,0.865987122,2.83122063e-007,-0.865973473,0.500095367,1.00001442,4.47034836e-008,1.49011612e-008)w12.Part1=p13;w12.C1=CFrame.new(19.4568653,-3.38261366,-1.14870369,-4.3711388300000005E-8,-0.499906093,0.866079628,0,-0.866079628,-0.499906093,1,-2.1851589000000002E-8,3.78575429e-008)w13=Instance.new("Weld",p13)w13.Name="Part_Weld"w13.Part0=p13;w13.C0=CFrame.new(19.457077,-3.38260937,-1.14871991,-4.63888163E-8,-0.499899268,0.866095126,5.08347114e-007,-0.866083562,-0.499908328,1.00001442,-2.18518963E-8,3.78581007e-008)w13.Part1=p14;w13.C1=CFrame.new(-0.765169621,-21.3281136,1.05768669,-1.37638153E-5,0.96595937,0.258693874,0.00425664661,0.258691579,-0.965950608,-0.99999094,0.00108787336,-4.11530817E-3)w14=Instance.new("Weld",p14)w14.Name="ArmPart_Weld"w14.Part0=p14;w14.C0=CFrame.new(-0.764959335,-21.3284416,1.05770254,-1.42545232E-5,0.965958476,0.258703023,0.00425684778,0.258694947,-0.965963125,-1.00000536,0.00108788908,-4.11536777E-3)w14.Part1=p15;w14.C1=CFrame.new(16.0000172,5.13429213,-1.49874043,-4.3711388300000005E-8,0.000108154614,1,0,-1,0.000108154614,1,4.72758855e-012,4.37113883e-008)w15=Instance.new("Weld",p15)w15.Name="Part_Weld"w15.Part0=p15;w15.C0=CFrame.new(16.0001163,5.13430214,-1.49877143,-2.99420208E-7,0.00011029192,1.00001454,4.39002179e-007,-1,0.000108176115,1.00001442,0,4.42378223e-008)w15.Part1=p16;w15.C1=CFrame.new(16.5000153,6.13429213,-1.49872518,-4.3711388300000005E-8,0.000108154614,1,0,-1,0.000108154614,1,4.72758855e-012,4.37113883e-008)w16=Instance.new("Weld",p16)w16.Name="Part_Weld"w16.Part0=p16;w16.C0=CFrame.new(16.5002594,6.1342907,-1.49874651,-2.98894406E-7,0.000110270419,1.00001454,4.39006953e-007,-1,0.000108154614,1.00001442,4.71678729e-012,4.37120207e-008)w16.Part1=p17;w16.C1=CFrame.new(16.8263168,6.46704865,8.05857849,0.396029502,-0.207962677,0.894378066,-0.497426808,0.770130157,0.399332225,-0.771833658,-0.603034973,0.201548025)w17=Instance.new("Weld",p17)w17.Name="Part_Weld"w17.Part0=p17;w17.C0=CFrame.new(16.8266068,6.46726036,8.05869198,0.396035522,-0.207958207,0.894391596,-0.497440547,0.770127177,0.399337679,-0.771840453,-0.603040278,0.201549783)w17.Part1=p18;w17.C1=CFrame.new(-0.991122723,-20.5004215,5.08983374,0.0669417754,0.965955615,0.249897182,-0.245835528,0.258705586,-0.9341501,-0.966997266,0.00110005983,0.254784435)w18=Instance.new("Weld",p18)w18.Name="Part_Weld"w18.Part0=p18;w18.C0=CFrame.new(-0.990923882,-20.5007305,5.08983374,0.066943109,0.965954781,0.249906152,-0.245838761,0.258709013,-0.934162259,-0.967011333,0.00110003352,0.254788101)w18.Part1=p19;w18.C1=CFrame.new(10.4456682,-15.7977238,-7.8332901,0.559388936,-0.68521893,0.466432214,0.116898462,-0.491870552,-0.862785101,0.820620954,0.537157655,-0.195045918)w19=Instance.new("Weld",p19)w19.Name="Part_Weld"w19.Part0=p19;w19.C0=CFrame.new(10.4457512,-15.7979813,-7.83342838,0.559401393,-0.685213447,0.466440916,0.116905749,-0.491872638,-0.862796843,0.820629179,0.537163019,-0.195047855)w19.Part1=p20;w19.C1=CFrame.new(16.5012665,-4.13050127,1.49876332,-4.3711388300000005E-8,-1.35854745E-4,1,0,1,0.000135854745,-1,5.93839951e-012,-4.3711388300000005E-8)w20=Instance.new("Weld",p20)w20.Name="Part_Weld"w20.Part0=p20;w20.C0=CFrame.new(16.5013981,-4.13050938,1.498757,-2.38418579E-7,-1.3379752599999999E-4,1.00001466,-4.47034836E-7,1.00000024,0.000135831535,-1.00001454,-2.98023224E-8,-5.96046448E-8)w20.Part1=p21;w20.C1=CFrame.new(16.5012627,-5.13048887,0.39874959,-4.3711388300000005E-8,-1.35854745E-4,1,0,1,0.000135854745,-1,5.93839951e-012,-4.3711388300000005E-8)w21=Instance.new("Weld",p21)w21.Name="Wedge_Weld"w21.Part0=p21;w21.C0=CFrame.new(16.5014935,-5.13049126,0.398722976,-2.22529991E-7,-1.33820766E-4,1.00001466,-4.17224015E-7,1.00000024,0.000135854774,-1.00001454,5.9472427e-012,-4.37120207E-8)w21.Part1=p22;w21.C1=CFrame.new(-16.5005875,4.13259029,2.94876933,-4.3711388300000005E-8,1.39792737e-005,-1,0,-1,-1.39792737E-5,-1,-6.11053471E-13,4.37113883e-008)w22=Instance.new("Weld",p22)w22.Name="Part_Weld"w22.Part0=p22;w22.C0=CFrame.new(-16.500824,4.13258791,2.94888711,1.35156796e-007,1.19470278e-005,-1.00001466,4.17202415e-007,-1.00000024,-1.39792755E-5,-1.00001454,-6.07483681E-13,4.37120278e-008)w22.Part1=p23;w22.C1=CFrame.new(11.3238592,16.2938461,-5.83674097,0.167913347,0.593457043,0.787155509,0.220650926,-0.800859332,0.556720257,0.960790455,0.0802058354,-0.265421808)w23=Instance.new("Weld",p23)w23.Name="Wedge_Weld"w23.Part0=p23;w23.C0=CFrame.new(11.3242846,16.2939701,-5.83676767,0.167916089,0.593452632,0.787171543,0.220654398,-0.800862908,0.556722164,0.960804224,0.0802069977,-0.265425682)w23.Part1=p24;w23.C1=CFrame.new(-16.5190907,-6.08210278,-5.3311754E-2,-1.65350299E-4,0.00304719806,-0.999995351,-3.03142268E-4,0.999995351,0.00304725766,0.99999994,0.000303644716,-1.64425801E-4)w24=Instance.new("Weld",p24)w24.Name="Part_Weld"w24.Part0=p24;w24.C0=CFrame.new(-16.5192356,-6.08211088,-5.33116534E-2,-1.65194273E-4,0.00304524973,-1.00001013,-3.0361861E-4,0.999995589,0.00304720178,1.00001442,0.000303655863,-1.64449215E-4)w24.Part1=p25;w24.C1=CFrame.new(5.14108515,1.49960721,-17.9982204,1.16387992e-005,-0.999999881,0.000471503939,-1,-1.1615477E-5,4.94651576e-005,-4.94596788E-5,-4.71504522E-4,-0.999999881)w25=Instance.new("Weld",p25)w25.Name="Part_Weld"w25.Part0=p25;w25.C0=CFrame.new(5.14104986,1.49967504,-17.9985313,1.20991026e-005,-1.00000024,0.000469659513,-1.00001454,-1.1615571599999999E-5,4.96469293e-005,-4.94604174E-5,-4.71511274E-4,-1.00001466)w25.Part1=p26;w25.C1=CFrame.new(5.07938719,17.5157299,1.50311017,0.00030336561,-0.99999541,-3.02907825E-3,0.000164940167,-3.02901864E-3,0.999995351,-0.99999994,-3.0386383899999996E-4,0.000164020501)cY.Parent=by;cY:MakeJoints()local cZ=Instance.new("Part",by.Claw)cZ.Name="Thingy"cZ.Locked=true;cZ.BottomSurface=0;cZ.CanCollide=false;cZ.Size=Vector3.new(2,1,1)cZ.Transparency=1;cZ.TopSurface=0;corw2=Instance.new("Weld",cZ)corw2.Part0=bA;corw2.Part1=cZ;corw2.C0=CFrame.new(0,-1,0)*CFrame.Angles(math.rad(0),math.rad(180),math.rad(90))corw2.C1=CFrame.new(0,0,0)weld2=Instance.new("Weld",by.Claw)weld2.Part0=cZ;weld2.Part1=by.Claw.ArmPart;weld2.C0=CFrame.new(0,0,0)function weld5(c_,d0,d1,d5)weeld=Instance.new("Weld",c_)weeld.Part0=c_;weeld.Part1=d0;weeld.C0=d1;weeld.C1=d5;return weeld end;function newRay(c_,d0,d1,d5)local d7=Ray.new(c_.p,(d0.p-c_.p).Unit*d1)hit,pos=Workspace:FindPartOnRayWithIgnoreList(d7,d5)return d7,hit,pos end;mod5=Instance.new("Model",by)function FindNearestTorso(c_,d0,d1)if d1 then return(d1.Torso.CFrame.p-c_).magnitude<d0 end;local d5={}for d7,d8 in pairs(workspace:GetChildren())do if d8:IsA"Model"then if d8:findFirstChild"Torso"then if d8~=by then if(d8.Torso.Position-c_).magnitude<=d0 then table.insert(d5,d8)end end end end end;return d5 end;function Landing()part=Instance.new('Part',mod5)part.Anchored=true;part.CanCollide=false;part.FormFactor='Custom'part.Size=Vector3.new(.2,.2,.2)part.CFrame=cF.CFrame*CFrame.new(0,-2,0)part.Transparency=.7;part.BrickColor=BrickColor.new'Really black'mesh=Instance.new('SpecialMesh',part)mesh.MeshId='http://www.roblox.com/asset/?id=20329976'mesh.Scale=Vector3.new(10,5,10)for c_,d0 in pairs(FindNearestTorso(bQ.CFrame.p,40))do if d0:FindFirstChild'Humanoid'then d0.Humanoid:TakeDamage(math.random(20,30))d0.Humanoid.PlatformStand=true;d0:FindFirstChild"Torso".Velocity=bP.CFrame.lookVector*100 end end;coroutine.resume(coroutine.create(function()for c_=0,3.8,0.05 do wait()part.CFrame=part.CFrame;part.Transparency=c_;mesh.Scale=mesh.Scale+Vector3.new(1,0.2,1)end;part.Parent=nil end))end;mod4=Instance.new("Model",by)ptez={0.7,0.8,0.9,1}function FindNearestTorso(c_,d0,d1)if d1 then return(d1.Torso.CFrame.p-c_).magnitude<d0 end;local d5={}for d7,d8 in pairs(workspace:GetChildren())do if d8:IsA"Model"then if d8:findFirstChild"Torso"then if d8~=by then if(d8.Torso.Position-c_).magnitude<=d0 then table.insert(d5,d8)end end end end end;return d5 end;function GroundPound()part=Instance.new('Part',mod4)part.Anchored=true;part.CanCollide=false;part.FormFactor='Custom'part.Size=Vector3.new(.2,.2,.2)part.CFrame=cF.CFrame*CFrame.new(0,-5.8,-2.4)*CFrame.Angles(math.rad(90),0,0)part.Transparency=.7;part.BrickColor=BrickColor.new'Really black'mesh=Instance.new('SpecialMesh',part)mesh.MeshId='http://www.roblox.com/asset/?id=3270017'mesh.Scale=Vector3.new(3,3,3)part2=Instance.new('Part',mod4)part2.Anchored=true;part2.CanCollide=false;part2.FormFactor='Custom'part2.Size=Vector3.new(.2,.2,.2)part2.CFrame=cF.CFrame*CFrame.new(0,-5,-2.6)part2.Transparency=.7;part2.BrickColor=BrickColor.new'Really red'mesh2=Instance.new('SpecialMesh',part2)mesh2.MeshId='http://www.roblox.com/asset/?id=20329976'mesh2.Scale=Vector3.new(3,1.5,3)x=Instance.new("Sound",by)x.SoundId="http://www.roblox.com/asset/?id=142070127"x.Pitch=ptez[math.random(1,#ptez)]x.Volume=1;wait(.1)x:Play()for c_,d0 in pairs(FindNearestTorso(bQ.CFrame.p,12))do if d0:FindFirstChild'Humanoid'then d0.Humanoid:TakeDamage(math.random(8,15))end end;coroutine.resume(coroutine.create(function()for c_=0,0.62,0.13 do wait()part.CFrame=part.CFrame;part.Transparency=c_;mesh.Scale=mesh.Scale+Vector3.new(0.4,0.4,0.4)part2.CFrame=part2.CFrame;part2.Transparency=c_;mesh2.Scale=mesh2.Scale+Vector3.new(0.4,0.2,0.4)end;part.Parent=nil;part2.Parent=nil;x:Destroy()end))end;mod=Instance.new('Model',by)function charge()bP.Velocity=bP.CFrame.lookVector*200;part=Instance.new('Part',mod)part.Anchored=true;part.CanCollide=false;part.FormFactor='Custom'part.Size=Vector3.new(.2,.2,.2)part.CFrame=bP.CFrame*CFrame.Angles(math.rad(90),0,0)part.Transparency=.7;part.BrickColor=BrickColor.new'Black'mesh=Instance.new('SpecialMesh',part)mesh.MeshId='http://www.roblox.com/asset/?id=20329976'mesh.Scale=Vector3.new(10,5,10)part2=part:clone()part2.Parent=mod;part2.BrickColor=BrickColor.new'Bright red'mesh2=mesh:clone()mesh2.Parent=part2;mesh2.Scale=Vector3.new(20,10,20)part3=part2:clone()part3.Parent=mod;part3.BrickColor=BrickColor.new'Really black'mesh3=mesh2:clone()mesh2.Parent=part3;mesh3.Scale=Vector3.new(30,15,30)coroutine.resume(coroutine.create(function()for c_=0,1,0.1 do wait()part.CFrame=part.CFrame;part.Transparency=c_;mesh.Scale=mesh.Scale+Vector3.new(1,1,1)part2.CFrame=part2.CFrame;part2.Transparency=c_;mesh2.Scale=mesh2.Scale+Vector3.new(1,1,1)part3.CFrame=part3.CFrame;part3.Transparency=c_;mesh3.Scale=mesh3.Scale+Vector3.new(1,1,1)end;part.Parent=nil;part2.Parent=nil;part3.Parent=nil end))end;function FindNearestTorso(c_,d0,d1)if d1 then return(d1.Torso.CFrame.p-c_).magnitude<d0 end;local d5={}for d7,d8 in pairs(workspace:GetChildren())do if d8:IsA"Model"then if d8:findFirstChild"Torso"then if d8~=by then if(d8.Torso.Position-c_).magnitude<=d0 then table.insert(d5,d8)end end end end end;return d5 end;mod3=Instance.new("Model",bO)function Stomp()part=Instance.new('Part',mod3)part.Anchored=true;part.CanCollide=false;part.FormFactor='Custom'part.Size=Vector3.new(.2,.2,.2)part.CFrame=bO.CFrame*CFrame.new(0,-2.4,0)*CFrame.Angles(math.rad(90),0,0)part.Transparency=.7;part.BrickColor=BrickColor.new'Bright green'mesh=Instance.new('SpecialMesh',part)mesh.MeshId='http://www.roblox.com/asset/?id=3270017'mesh.Scale=Vector3.new(25,25,25)part2=part:clone()part2.Parent=mod3;part2.BrickColor=BrickColor.new'Bright green'mesh2=mesh:clone()mesh2.Parent=part2;mesh2.Scale=Vector3.new(15,15,15)part3=part:clone()part3.Parent=mod3;part3.TopSurface=0;part3.BottomSurface=0;part3.CFrame=bO.CFrame*CFrame.new(0,-3,0)mesh3=Instance.new('SpecialMesh',part3)mesh3.MeshType=3;mesh3.Scale=Vector3.new(12,12,12)for c_,d0 in pairs(FindNearestTorso(bQ.CFrame.p,50))do if d0:FindFirstChild'Humanoid'then d0.Humanoid:TakeDamage(math.random(20,60))d0.Humanoid.PlatformStand=true;d0:FindFirstChild"Torso".Velocity=bP.CFrame.lookVector*100 end end;coroutine.resume(coroutine.create(function()for c_=0,3.8,0.05 do wait()part.CFrame=part.CFrame;part.Transparency=c_;mesh.Scale=mesh.Scale+Vector3.new(2.8,2.8,2.8)part2.CFrame=part2.CFrame;part2.Transparency=c_;mesh2.Scale=mesh2.Scale+Vector3.new(1,1,1)part3.CFrame=part3.CFrame;part3.Transparency=c_;mesh3.Scale=mesh3.Scale+Vector3.new(1.5,1.5,1.5)end end))end;local c_=math.acos;local d0=math.sqrt;local d1=Vector3.new;local d5=CFrame.fromAxisAngle;local function dm(d7)local d8,d9,c1,c2,c3,dc,df,dh,di,dj,dk,da=d7:components()local db=math.acos((c2+dh+da-1)/2)local H=(dk-di)^2+(dc-dj)^2+(df-c3)^2;H=H==0 and 0.00001 or H;local V=(dk-di)^2+(dc-dj)^2+(df-c3)^2;V=V==0 and 0.00001 or V;local K=(dk-di)^2+(dc-dj)^2+(df-c3)^2;K=K==0 and 0.00001 or K;local Y=(dk-di)/d0(H)local M=(dc-dj)/d0(V)local Z=(df-c3)/d0(K)return d1(Y,M,Z),db end;function ApplyTrig(d7,d8)local d9,c1=d8(0),d8(1)local c2=d8(d7)return(c2-d9)/(c1-d9)end;function LerpCFrame(d7,d8,d9)local c1,c2=dm(d7:inverse()*d8)return d7*d5(c1,c2*d9)+(d8.p-d7.p)*d9 end;function Crater(d7,d8)Spawn(function()local d9=Ray.new(d7.Position,Vector3.new(0,-1,0)*10)local c1={}for c2,c3 in pairs(game:GetService"Players":GetPlayers())do if c3.Character~=nil then c1[#c1+1]=c3.Character end end;local c2,c3,dc=Workspace:FindPartOnRayWithIgnoreList(d9,c1)if c2==nil then return end;local df={}for dh=1,360,10 do local di=Instance.new("Part",d7.Parent)di.Anchored=true;di.FormFactor="Custom"di.BrickColor=c2.BrickColor;di.Material=c2.Material;di.TopSurface="Smooth"di.BottomSurface="Smooth"di.Size=Vector3.new(5,10,10)*math.random(80,100)/100;di.CFrame=(CFrame.new(c3,c3+dc)*CFrame.Angles(math.rad(90),0,0)-Vector3.new(0,7,0))*CFrame.Angles(math.rad(math.random(-50,50)),math.rad(math.random(-50,50)),math.rad(math.random(-50,50)))df[#df+1]={di,di.CFrame,(CFrame.new(c3,c3+dc)*CFrame.Angles(math.rad(90),0,0)-Vector3.new(0,1,0))*CFrame.Angles(0,math.rad(dh),0)*CFrame.new(0,0,-d8)*CFrame.Angles(math.rad(math.random(-50,-20)),math.rad(math.random(-15,15)),math.rad(math.random(-15,15))),di.Size}if math.random(0,5)==0 then local dj=Instance.new("Part",d7.Parent)dj.Anchored=true;dj.FormFactor="Custom"dj.BrickColor=c2.BrickColor;dj.Material=c2.Material;dj.TopSurface="Smooth"dj.BottomSurface="Smooth"dj.Size=Vector3.new(2,2,2)*math.random(80,100)/100;dj.CFrame=(CFrame.new(c3,c3+dc)*CFrame.Angles(math.rad(90),0,0)-Vector3.new(0,2.5,0))*CFrame.Angles(math.rad(math.random(-50,50)),math.rad(math.random(-50,50)),math.rad(math.random(-50,50)))df[#df+1]={dj,dj.CFrame,CFrame.new(c3,c3+dc)*CFrame.Angles(math.rad(90),0,0)*CFrame.Angles(0,math.rad(dh),0)*CFrame.new(0,0,-d8-8)*CFrame.Angles(math.rad(math.random(-90,90)),math.rad(math.random(-90,90)),math.rad(math.random(-90,90))),dj.Size}end end;for dh=0,1,0.05 do for di,dj in pairs(df)do dj[1].CFrame=LerpCFrame(dj[2],dj[3],ApplyTrig(dh,math.cos))end;wait(0.02)end;for dh,di in pairs(df)do if di[1].Size.X>2.1 then di[1].CFrame=di[1].CFrame+Vector3.new(0,2,0)end;di[1].Anchored=false end;for dh=0,1,0.05 do for di,dj in pairs(df)do dj[1].Transparency=dh;if dh==1 then dj[1]:Destroy()elseif dh>=0.25 then dj[1].CanCollide=false end end;wait(0.02)end;df=nil end)end;bz.KeyDown:connect(function(d7)if d7=="r"then bA.BrickColor=BrickColor.new"Bright red"bb.BrickColor=BrickColor.new"Bright red"if Debounces.CanAttack==true then Debounces.CanAttack=false;Debounces.on=true;Debounces.NoIdl=true;to=by.Absolution.Thingy2.Touched:connect(function(d8)hit=d8.Parent;if d8 and hit:IsA"Model"then if hit:FindFirstChild"Humanoid"then if hit.Name~=an.Name then hit:FindFirstChild"Humanoid":TakeDamage(10)wait(1)end end elseif d8 and hit