d
end)
for i,v in pairs(Character:children()) do
    if v:IsA("Hat") then
        v:Destroy()
    end
end
for i,v in pairs(Character:children()) do
    if v:IsA("Accessory") then
        v:Destroy()
    end
end
for i,v in pairs(Character:children()) do
    if v:IsA("Hair") then
        v:Destroy()
    end
end
for i,v in pairs(Character:children()) do
    if v:IsA("Shirt") then
        v:Destroy()
    end
end
for i,v in pairs(Character:children()) do
    if v:IsA("Pants") then
        v:Destroy()
    end
end
for i,v in pairs(Character:children()) do
    if v:IsA("Graphic Shirt") then
        v:Destroy()
    end
end
Humanoid.Animator.Parent = nil
Character.Animate.Parent = nil

local newMotor = function(part0, part1, c0, c1)
    local w = Create('Motor'){
        Parent = part0,
        Part0 = part0,
        Part1 = part1,
        C0 = c0,
        C1 = c1,
    }
    return w
end

function clerp(a, b, t)
    return a:lerp(b, t)
end

RootCF = CFrame.fromEulerAnglesXYZ(-1.57, 0, 3.14)
NeckCF = CFrame.new(0, 1, 0, -1, -0, -0, 0, 0, 1, 0, 1, 0)

local RW = newMotor(Torso, RightArm, CFrame.new(1.5, 0, 0), CFrame.new(0, 0, 0)) 
local LW = newMotor(Torso, LeftArm, CFrame.new(-1.5, 0, 0), CFrame.new(0, 0, 0))
local RH = newMotor(Torso, RightLeg, CFrame.new(.5, -2, 0), CFrame.new(0, 0, 0))
local LH = newMotor(Torso, LeftLeg, CFrame.new(-.5, -2, 0), CFrame.new(0, 0, 0))
RootJoint.C1 = CFrame.new(0, 0, 0)
RootJoint.C0 = CFrame.new(0, 0, 0)
Torso.Neck.C1 = CFrame.new(0, 0, 0)
Torso.Neck.C0 = CFrame.new(0, 1.5, 0)

local rarmc1 = RW.C1
local larmc1 = LW.C1
local rlegc1 = RH.C1
local llegc1 = LH.C1

local resetc1 = false

function PlayAnimationFromTable(table, speed, bool)
    RootJoint.C0 = clerp(RootJoint.C0, table[1], speed) 
    Torso.Neck.C0 = clerp(Torso.Neck.C0, table[2], speed) 
    RW.C0 = clerp(RW.C0, table[3], speed) 
    LW.C0 = clerp(LW.C0, table[4], speed) 
    RH.C0 = clerp(RH.C0, table[5], speed) 
    LH.C0 = clerp(LH.C0, table[6], speed) 
    if bool == true then
        if resetc1 == false then
            resetc1 = true
            RootJoint.C1 = RootJoint.C1
            Torso.Neck.C1 = Torso.Neck.C1
            RW.C1 = rarmc1
            LW.C1 = larmc1
            RH.C1 = rlegc1
            LH.C1 = llegc1
        end
    end
end

ArtificialHB = Create("BindableEvent", script){
    Parent = script,
    Name = "Heartbeat",
}

script:WaitForChild("Heartbeat")

frame = 1 / 30
tf = 0
allowframeloss = false
tossremainder = false
lastframe = tick()
script.Heartbeat:Fire()

game:GetService("RunService").Heartbeat:connect(function(s, p)
    tf = tf + s
    if tf >= frame then
        if allowframeloss then
            script.Heartbeat:Fire()
            lastframe = tick()
        else
            for i = 1, math.floor(tf / frame) do
                script.Heartbeat:Fire()
            end
            lastframe = tick()
        end
        if tossremainder then
            tf = 0
        else
            tf = tf - frame * math.floor(tf / frame)
        end
    end
end)

function swait(num)
    if num == 0 or num == nil then
        ArtificialHB.Event:wait()
    else
        for i = 0, num do
            ArtificialHB.Event:wait()
        end
    end
end

function RemoveOutlines(part)
    part.TopSurface, part.BottomSurface, part.LeftSurface, part.RightSurface, part.FrontSurface, part.BackSurface = 10, 10, 10, 10, 10, 10
end
    
CFuncs = {  
    ["Part"] = {
        Create = function(Parent, Material, Reflectance, Transparency, BColor, Name, Size)
            local Part = Create("Part"){
                Parent = Parent,
                Reflectance = Reflectance,
                Transparency = Transparency,
                CanCollide = false,
                Locked = true,
                BrickColor = BrickColor.new(tostring(BColor)),
                Name = Name,
                Size = Size,
                Material = Material,
            }
            RemoveOutlines(Part)
            return Part
        end;
    };
    
    ["Mesh"] = {
        Create = function(Mesh, Part, MeshType, MeshId, OffSet, Scale)
            local Msh = Create(Mesh){
                Parent = Part,
                Offset = OffSet,
                Scale = Scale,
            }
            if Mesh == "SpecialMesh" then
                Msh.MeshType = MeshType
                Msh.MeshId = MeshId
            end
            return Msh
        end;
    };
    
    ["Mesh"] = {
        Create = function(Mesh, Part, MeshType, MeshId, OffSet, Scale)
            local Msh = Create(Mesh){
                Parent = Part,
                Offset = OffSet,
                Scale = Scale,
            }
            if Mesh == "SpecialMesh" then
                Msh.MeshType = MeshType
                Msh.MeshId = MeshId
            end
            return Msh
        end;
    };
    
    ["Weld"] = {
        Create = function(Parent, Part0, Part1, C0, C1)
            local Weld = Create("Weld"){
                Parent = Parent,
                Part0 = Part0,
                Part1 = Part1,
                C0 = C0,
                C1 = C1,
            }
            return Weld
        end;
    };

    ["Sound"] = {
        Create = function(id, par, vol, pit) 
            coroutine.resume(coroutine.create(function()
                local S = Create("Sound"){
                    Volume = vol,
                    Pitch = pit or 1,
                    SoundId = id,
                    Parent = par or workspace,
                }
                wait() 
                S:play() 
                game:GetService("Debris"):AddItem(S, 6)
            end))
        end;
    };
    
    ["ParticleEmitter"] = {
        Create = function(Parent, Color1, Color2, LightEmission, Size, Texture, Transparency, ZOffset, Accel, Drag, LockedToPart, VelocityInheritance, EmissionDirection, Enabled, LifeTime, Rate, Rotation, RotSpeed, Speed, VelocitySpread)
            local fp = Create("ParticleEmitter"){
                Parent = Parent,
                Color = ColorSequence.new(Color1, Color2),
                LightEmission = LightEmission,
                Size = Size,
                Texture = Texture,
                Transparency = Transparency,
                ZOffset = ZOffset,
                Acceleration = Accel,
                Drag = Drag,
                LockedToPart = LockedToPart,
                VelocityInheritance = VelocityInheritance,
                EmissionDirection = EmissionDirection,
                Enabled = Enabled,
                Lifetime = LifeTime,
                Rate = Rate,
                Rotation = Rotation,
                RotSpeed = RotSpeed,
                Speed = Speed,
                VelocitySpread = VelocitySpread,
            }
            return fp
        end;
    };

    CreateTemplate = {
    
    };
}



New = function(Object, Parent, Name, Data)
    local Object = Instance.new(Object)
    for Index, Value in pairs(Data or {}) do
        Object[Index] = Value
    end
    Object.Parent = Parent
    Object.Name = Name
    return Object
end

Handle = New("Part",m,"Handle",{Material = Enum.Material.SmoothPlastic,Transparency = 1,Transparency = 1,Size = Vector3.new(1.78105354, 1.21267569, 0.446083069),CFrame = CFrame.new(3.48884702, 1.89424598, -23.6011944, 0.0172098875, -7.30156898e-07, 0.999851942, 0.999853492, 1.19907781e-08, -0.0172098596, -1.80598714e-09, 1.00000083, 1.4975667e-06),CanCollide = false,BackSurface = Enum.SurfaceType.SmoothNoOutlines,BottomSurface = Enum.SurfaceType.SmoothNoOutlines,FrontSurface = Enum.SurfaceType.SmoothNoOutlines,LeftSurface = Enum.SurfaceType.SmoothNoOutlines,RightSurface = Enum.SurfaceType.SmoothNoOutlines,TopSurface = Enum.SurfaceType.SmoothNoOutlines,})
moter = New("Weld",Handle,"mot",{Part0 = RightArm,Part1 = Handle,})
Part = New("Part",m,"Part",{Material = Enum.Material.SmoothPlastic,Size = Vector3.new(0.200000003, 0.200000003, 0.200000003),CFrame = CFrame.new(3.46324158, 2.55061626, -23.0996056, 0.0172099378, 1.26508749e-05, 0.999852061, 0.999856234, 0.000737910799, -0.0172098614, -0.000738026109, 1.00000215, 2.29468287e-06),CanCollide = false,BackSurface = Enum.SurfaceType.SmoothNoOutlines,BottomSurface = Enum.SurfaceType.SmoothNoOutlines,FrontSurface = Enum.SurfaceType.SmoothNoOutlines,LeftSurface = Enum.SurfaceType.SmoothNoOutlines,RightSurface = Enum.SurfaceType.SmoothNoOutlines,TopSurface = Enum.SurfaceType.SmoothNoOutlines,})
Mesh = New("BlockMesh",Part,"Mesh",{Scale = Vector3.new(0.492160469, 0.24608025, 0.123040132),})
mot = New("Weld",Part,"mot",{Part0 = Part,Part1 = Handle,C0 = CFrame.new(0, 0, 0, 0.0172098838, 0.999853015, -0.000738022442, 1.18836761e-05, 0.000737924012, 1.00000048, 0.999851942, -0.0172098614, 1.52736902e-06),C1 = CFrame.new(0.655831456, 0.501588821, -0.0368974209, 0.0172098875, 0.999853492, -1.80598714e-09, -7.30156898e-07, 1.19907781e-08, 1.00000083, 0.999851942, -0.0172098596, 1.4975667e-06),})
Part = New("Part",m,"Part",{Material = Enum.Material.SmoothPlastic,Shape = Enum.PartType.Cylinder,Size = Vector3.new(0.200000003, 0.270688266, 0.270688266),CFrame = CFrame.new(3.47537327, 1.11045444, -23.2953625, 0.0172099359, 1.26359728e-05, 0.999851942, 0.999856234, 0.000738034665, -0.0172098596, -0.000738148578, 1.00000226, 2.36918868e-06),CanCollide = false,BackSurface = Enum.SurfaceType.SmoothNoOutlines,BottomSurface = Enum.SurfaceType.SmoothNoOutlines,FrontSurface = Enum.SurfaceType.SmoothNoOutlines,LeftSurface = Enum.SurfaceType.SmoothNoOutlines,RightSurface = Enum.SurfaceType.SmoothNoOutlines,TopSurface = Enum.SurfaceType.SmoothNoOutlines,})
Mesh = New("SpecialMesh",Part,"Mesh",{Scale = Vector3.new(0.123040125, 1, 1),MeshType = Enum.MeshType.Cylinder,})
mot = New("Weld",Part,"mot",{Part0 = Part,Part1 = Handle,C0 = CFrame.new(0, 0, 0, 0.0172098819, 0.999853015, -0.00073814491, 1.18687749e-05, 0.000738047936, 1.0000006, 0.999851882, -0.0172098596, 1.60187483e-06),C1 = CFrame.new(-0.783906102, 0.305831909, 1.74045563e-05, 0.0172098875, 0.999853492, -1.80598714e-09, -7.30156898e-07, 1.19907781e-08, 1.00000083, 0.999851942, -0.0172098596, 1.4975667e-06),})
Part = New("Part",m,"Part",{Material = Enum.Material.SmoothPlastic,Size = Vector3.new(1.47648132, 0.221472263, 0.344512314),CFrame = CFrame.new(3.48828244, 1.86040294, -23.3093491, 0.0172099452, 3.70001203e-08, 0.999852061, 0.99985671, -3.59708352e-09, -0.0172098596, -4.18887769e-09, 1.0000025, 2.26488032e-06),BackSurface = Enum.SurfaceType.SmoothNoOutlines,BottomSurface = Enum.SurfaceType.SmoothNoOutlines,FrontSurface = Enum.SurfaceType.SmoothNoOutlines,LeftSurface = Enum.SurfaceType.SmoothNoOutlines,RightSurface = Enum.SurfaceType.SmoothNoOutlines,TopSurface = Enum.SurfaceType.SmoothNoOutlines,})
Mesh = New("BlockMesh",Part,"Mesh",{Scale = Vector3.new(1, 1.00999999, 1),})
mot = New("Weld",Part,"mot",{Part0 = Part,Part1 = Handle,C0 = CFrame.new(0, 0, 0, 0.0172098875, 0.999853492, -1.80598714e-09, -7.30156898e-07, 1.19907781e-08, 1.00000083, 0.999851942, -0.0172098596, 1.4975667e-06),C1 = CFrame.new(-0.0338476896, 0.291845322, 1.8119812e-05, 0.0172098875, 0.999853492, -1.80598714e-09, -7.30156898e-07, 1.19907781e-08, 1.00000083, 0.999851942, -0.0172098596, 1.4975667e-06),})
Part = New("Part",m,"Part",{Material = Enum.Material.SmoothPlastic,Size = Vector3.new(0.98432076, 0.200000003, 0.24608022),CFrame = CFrame.new(3.48404813, 1.61474013, -23.4433804, 0.0172099359, 1.26359728e-05, 0.999851942, 0.999856234, 0.000738034665, -0.0172098596, -0.000738148578, 1.00000226, 2.36918868e-06),CanCollide = false,BackSurface = Enum.SurfaceType.SmoothNoOutlines,BottomSurface = Enum.SurfaceType.SmoothNoOutlines,FrontSurface = Enum.SurfaceType.SmoothNoOutlines,LeftSurface = Enum.SurfaceType.SmoothNoOutlines,RightSurface = Enum.SurfaceType.SmoothNoOutlines,TopSurface = Enum.SurfaceType.SmoothNoOutlines,})
Mesh = New("BlockMesh",Part,"Mesh",{Scale = Vector3.new(1, 0.246080264, 1),})
mot = New("Weld",Part,"mot",{Part0 = Part,Part1 = Handle,C0 = CFrame.new(0, 0, 0, 0.0172098819, 0.999853015, -0.00073814491, 1.18687749e-05, 0.000738047936, 1.0000006, 0.999851882, -0.0172098596, 1.60187483e-06),C1 = CFrame.new(-0.279546618, 0.157814026, 1.21593475e-05, 0.0172098875, 0.999853492, -1.80598714e-09, -7.30156898e-07, 1.19907781e-08, 1.00000083, 0.999851942, -0.0172098596, 1.4975667e-06),})
Part = New("Part",m,"Part",{Material = Enum.Material.SmoothPlastic,Shape = Enum.PartType.Cylinder,Size = Vector3.new(0.984321058, 0.200000003, 0.200000003),CFrame = CFrame.new(3.36101127, 1.61687815, -23.4187717, 0.0172099359, 1.26359728e-05, 0.999851942, 0.999856234, 0.000738034665, -0.0172098596, -0.000738148578, 1.00000226, 2.36918868e-06),CanCollide = false,BackSurface = Enum.SurfaceType.SmoothNoOutlines,BottomSurface = Enum.SurfaceType.SmoothNoOutlines,FrontSurface = Enum.SurfaceType.SmoothNoOutlines,LeftSurface = Enum.SurfaceType.SmoothNoOutlines,RightSurface = Enum.SurfaceType.SmoothNoOutlines,TopSurface = Enum.SurfaceType.SmoothNoOutlines,})
Mesh = New("SpecialMesh",Part,"Mesh",{Scale = Vector3.new(1, 0.492160618, 0.492160439),MeshType = Enum.MeshType.Cylinder,})
mot = New("Weld",Part,"mot",{Part0 = Part,Part1 = Handle,C0 = CFrame.new(0, 0, 0, 0.0172098819, 0.999853015, -0.00073814491, 1.18687749e-05, 0.000738047936, 1.0000006, 0.999851882, -0.0172098596, 1.60187483e-06),C1 = CFrame.new(-0.279526353, 0.182422638, -0.123043299, 0.0172098875, 0.999853492, -1.80598714e-09, -7.30156898e-07, 1.19907781e-08, 1.00000083, 0.999851942, -0.0172098596, 1.4975667e-06),})
Part = New("Part",m,"Part",{Material = Enum.Material.SmoothPlastic,Size = Vector3.new(0.200000003, 0.200000003, 0.200000003),CFrame = CFrame.new(3.53706741, 2.54934502, -23.0996056, 0.0172099378, 1.26508749e-05, 0.999852061, 0.999856234, 0.000737910799, -0.0172098614, -0.000738026109, 1.00000215, 2.29468287e-06),CanCollide = false,BackSurface = Enum.SurfaceType.SmoothNoOutlines,BottomSurface = Enum.SurfaceType.SmoothNoOutlines,FrontSurface = Enum.SurfaceType.SmoothNoOutlines,LeftSurface = Enum.SurfaceType.SmoothNoOutlines,RightSurface = Enum.SurfaceType.SmoothNoOutlines,TopSurface = Enum.SurfaceType.SmoothNoOutlines,})
Mesh = New("BlockMesh",Part,"Mesh",{Scale = Vector3.new(0.492160469, 0.246080235, 0.123040132),})
mot = New("Weld",Part,"mot",{Part0 = Part,Part1 = Handle,C0 = CFrame.new(0, 0, 0, 0.0172098838, 0.999853015, -0.000738022442, 1.18836761e-05, 0.000737924012, 1.00000048, 0.999851942, -0.0172098614, 1.52736902e-06),C1 = CFrame.new(0.655830979, 0.501588821, 0.0369393826, 0.0172098875, 0.999853492, -1.80598714e-09, -7.30156898e-07, 1.19907781e-08, 1.00000083, 0.999851942, -0.0172098596, 1.4975667e-06),})
Part = New("Part",m,"Part",{Material = Enum.Material.SmoothPlastic,Size = Vector3.new(1.47648132, 0.200000003, 0.200000003),CFrame = CFrame.new(3.48828554, 1.86097884, -23.1606178, 0.0172099359, 1.26359728e-05, 0.999851942, 0.999856234, 0.000738034665, -0.0172098596, -0.000738148578, 1.00000226, 2.36918868e-06),CanCollide = false,BackSurface = Enum.SurfaceType.SmoothNoOutlines,BottomSurface = Enum.SurfaceType.SmoothNoOutlines,FrontSurface = Enum.SurfaceType.SmoothNoOutlines,LeftSurface = Enum.SurfaceType.SmoothNoOutlines,RightSurface = Enum.SurfaceType.SmoothNoOutlines,TopSurface = Enum.SurfaceType.SmoothNoOutlines,})
Mesh = New("BlockMesh",Part,"Mesh",{Scale = Vector3.new(1, 0.369120389, 0.7382406),})
mot = New("Weld",Part,"mot",{Part0 = Part,Part1 = Handle,C0 = CFrame.new(0, 0, 0, 0.0172098819, 0.999853015, -0.00073814491, 1.18687749e-05, 0.000738047936, 1.0000006, 0.999851882, -0.0172098596, 1.60187483e-06),C1 = CFrame.new(-0.0332717896, 0.440576553, 1.14440918e-05, 0.0172098875, 0.999853492, -1.80598714e-09, -7.30156898e-07, 1.19907781e-08, 1.00000083, 0.999851942, -0.0172098596, 1.4975667e-06),})
Partss = New("Part",m,"Part",{BrickColor = BrickColor.new("Yellow"),Material = Enum.Material.SmoothPlastic,Shape = Enum.PartType.Cylinder,Size = Vector3.new(0.200000003, 0.221472204, 0.221472189),CFrame = CFrame.new(3.47526526, 1.10428262, -23.2953568, 0.0172099359, 1.26359728e-05, 0.999851942, 0.999856234, 0.000738034665, -0.0172098596, -0.000738148578, 1.00000226, 2.36918868e-06),CanCollide = false,BackSurface = Enum.SurfaceType.SmoothNoOutlines,BottomSurface = Enum.SurfaceType.SmoothNoOutlines,FrontSurface = Enum.SurfaceType.SmoothNoOutlines,LeftSurface = Enum.SurfaceType.SmoothNoOutlines,RightSurface = Enum.SurfaceType.SmoothNoOutlines,TopSurface = Enum.SurfaceType.SmoothNoOutlines,Color = Color3.new(0.105882, 0.164706, 0.207843),})
Mesh = New("SpecialMesh",Partss,"Mesh",{Scale = Vector3.new(0.123040125, 1, 1),MeshType = Enum.MeshType.Cylinder,})
mot = New("Weld",Partss,"mot",{Part0 = Partss,Part1 = Handle,C0 = CFrame.new(0, 0, 0, 0.0172098819, 0.999853015, -0.00073814491, 1.18687749e-05, 0.000738047936, 1.0000006, 0.999851882, -0.0172098596, 1.60187483e-06),C1 = CFrame.new(-0.790078878, 0.305837631, 1.57356262e-05, 0.0172098875, 0.999853492, -1.80598714e-09, -7.30156898e-07, 1.19907781e-08, 1.00000083, 0.999851942, -0.0172098596, 1.4975667e-06),})
Part = New("Part",m,"Part",{Material = Enum.Material.SmoothPlastic,Size = Vector3.new(0.200000003, 0.200000003, 0.200000003),CFrame = CFrame.new(3.49040294, 1.9837563, -23.5174713, 0.0172099359, 1.26359728e-05, 0.999851942, 0.999856234, 0.000738034665, -0.0172098596, -0.000738148578, 1.00000226, 2.36918868e-06),CanCollide = false,BackSurface = Enum.SurfaceType.SmoothNoOutlines,BottomSurface = Enum.SurfaceType.SmoothNoOutlines,FrontSurface = Enum.SurfaceType.SmoothNoOutlines,LeftSurface = Enum.SurfaceType.SmoothNoOutlines,RightSurface = Enum.SurfaceType.SmoothNoOutlines,TopSurface = Enum.SurfaceType.SmoothNoOutlines,})
Mesh = New("SpecialMesh",Part,"Mesh",{Scale = Vector3.new(0.615200579, 0.36912033, 0.24608025),MeshId = "http://www.roblox.com/asset/?id=3270017",MeshType = Enum.MeshType.FileMesh,})
mot = New("Weld",Part,"mot",{Part0 = Part,Part1 = Handle,C0 = CFrame.new(0, 0, 0, 0.0172098819, 0.999853015, -0.00073814491, 1.18687749e-05, 0.000738047936, 1.0000006, 0.999851882, -0.0172098596, 1.60187483e-06),C1 = CFrame.new(0.0895236731, 0.0837230682, 1.52587891e-05, 0.0172098875, 0.999853492, -1.80598714e-09, -7.30156898e-07, 1.19907781e-08, 1.00000083, 0.999851942, -0.0172098596, 1.4975667e-06),})
Part = New("Part",m,"Part",{BrickColor = BrickColor.new("Black"),Material = Enum.Material.SmoothPlastic,Size = Vector3.new(0.295296252, 0.738240778, 0.369120389),CFrame = CFrame.new(3.49802279, 2.42631888, -23.8138046, 0.0172099452, 3.70001203e-08, 0.999852061, 0.99985671, -3.59708352e-09, -0.0172098596, -4.18887769e-09, 1.0000025, 2.26488032e-06),BackSurface = Enum.SurfaceType.SmoothNoOutlines,BottomSurface = Enum.SurfaceType.SmoothNoOutlines,FrontSurface = Enum.SurfaceType.SmoothNoOutlines,LeftSurface = Enum.SurfaceType.SmoothNoOutlines,RightSurface = Enum.SurfaceType.SmoothNoOutlines,TopSurface = Enum.SurfaceType.SmoothNoOutlines,Color = Color3.new(0.105882, 0.164706, 0.207843),})
mot = New("Weld",Part,"mot",{Part0 = Part,Part1 = Handle,C0 = CFrame.new(0, 0, 0, 0.0172098875, 0.999853492, -1.80598714e-09, -7.30156898e-07, 1.19907781e-08, 1.00000083, 0.999851942, -0.0172098596, 1.4975667e-06),C1 = CFrame.new(0.532151103, -0.212610245, 1.74045563e-05, 0.0172098875, 0.999853492, -1.80598714e-09, -7.30156898e-07, 1.19907781e-08, 1.00000083, 0.999851942, -0.0172098596, 1.4975667e-06),})
Part = New("Part",m,"Part",{Material = Enum.Material.SmoothPlastic,Size = Vector3.new(0.344512314, 0.78745681, 0.344512314),CFrame = CFrame.new(3.49802279, 2.42631888, -23.8138046, 0.0172099452, 3.70001203e-08, 0.999852061, 0.99985671, -3.59708352e-09, -0.0172098596, -4.18887769e-09, 1.0000025, 2.26488032e-06),BackSurface = Enum.SurfaceType.SmoothNoOutlines,BottomSurface = Enum.SurfaceType.SmoothNoOutlines,FrontSurface = Enum.SurfaceType.SmoothNoOutlines,LeftSurface = Enum.SurfaceType.SmoothNoOutlines,RightSurface = Enum.SurfaceType.SmoothNoOutlines,TopSurface = Enum.SurfaceType.SmoothNoOutlines,})
mot = New("Weld",Part,"mot",{Part0 = Part,Part1 = Handle,C0 = CFrame.new(0, 0, 0, 0.0172098875, 0.999853492, -1.80598714e-09, -7.30156898e-07, 1.19907781e-08, 1.00000083, 0.999851942, -0.0172098596, 1.4975667e-06),C1 = CFrame.new(0.532151103, -0.212610245, 1.74045563e-05, 0.0172098875, 0.999853492, -1.80598714e-09, -7.30156898e-07, 1.19907781e-08, 1.00000083, 0.999851942, -0.0172098596, 1.4975667e-06),})
Part = New("Part",m,"Part",{Material = Enum.Material.SmoothPlastic,Shape = Enum.PartType.Cylinder,Size = Vector3.new(0.984321058, 0.200000003, 0.200000003),CFrame = CFrame.new(3.60706425, 1.61264217, -23.4187698, 0.0172099359, 1.26359728e-05, 0.999851942, 0.999856234, 0.000738034665, -0.0172098596, -0.000738148578, 1.00000226, 2.36918868e-06),CanCollide = false,BackSurface = Enum.SurfaceType.SmoothNoOutlines,BottomSurface = Enum.SurfaceType.SmoothNoOutlines,FrontSurface = Enum.SurfaceType.SmoothNoOutlines,LeftSurface = Enum.SurfaceType.SmoothNoOutlines,RightSurface = Enum.SurfaceType.SmoothNoOutlines,TopSurface = Enum.SurfaceType.SmoothNoOutlines,})
Mesh = New("SpecialMesh",Part,"Mesh",{Scale = Vector3.new(1, 0.492160618, 0.492160439),MeshType = Enum.MeshType.Cylinder,})
mot = New("Weld",Part,"mot",{Part0 = Part,Part1 = Handle,C0 = CFrame.new(0, 0, 0, 0.0172098819, 0.999853015, -0.00073814491, 1.18687749e-05, 0.000738047936, 1.0000006, 0.999851882, -0.0172098596, 1.60187483e-06),C1 = CFrame.new(-0.279527187, 0.182424545, 0.12304616, 0.0172098875, 0.999853492, -1.80598714e-09, -7.30156898e-07, 1.19907781e-08, 1.00000083, 0.999851942, -0.0172098596, 1.4975667e-06),})
Wedge = New("WedgePart",m,"Wedge",{Material = Enum.Material.SmoothPlastic,Size = Vector3.new(0.200000003, 0.200000003, 0.200000003),CFrame = CFrame.new(3.47672749, 1.18911982, -23.1232109, 0.999851942, 0.00638213893, 0.0159827713, -0.0172098316, 0.37065956, 0.928613782, 4.44045327e-06, -0.928749561, 0.370713741),CanCollide = false,BackSurface = Enum.SurfaceType.SmoothNoOutlines,BottomSurface = Enum.SurfaceType.SmoothNoOutlines,FrontSurface = Enum.SurfaceType.SmoothNoOutlines,LeftSurface = Enum.SurfaceType.SmoothNoOutlines,RightSurface = Enum.SurfaceType.SmoothNoOutlines,TopSurface = Enum.SurfaceType.SmoothNoOutlines,})
Mesh = New("SpecialMesh",Wedge,"Mesh",{Scale = Vector3.new(0.24608025, 0.246080264, 0.615200639),MeshType = Enum.MeshType.Wedge,})
mot = New("Weld",Wedge,"mot",{Part0 = Wedge,Part1 = Handle,C0 = CFrame.new(0, 0, 0, 0.999851882, -0.0172098316, 3.67313623e-06, 0.00638283044, 0.370658338, -0.928748012, 0.0159824342, 0.928610861, 0.370713145),C1 = CFrame.new(-0.705229163, 0.477983475, 1.76429749e-05, 0.0172098875, 0.999853492, -1.80598714e-09, -7.30156898e-07, 1.19907781e-08, 1.00000083, 0.999851942, -0.0172098596, 1.4975667e-06),})
Wedge = New("WedgePart",m,"Wedge",{Material = Enum.Material.SmoothPlastic,Size = Vector3.new(0.344512254, 0.787456751, 0.200000003),CFrame = CFrame.new(3.50247502, 2.68478155, -23.8132839, 0.999851942, 1.0713723e-05, -0.0172099732, -0.0172098912, 0.000738376984, -0.999856234, 4.21693585e-06, 1.00000226, 0.000738456321),CanCollide = false,BackSurface = Enum.SurfaceType.SmoothNoOutlines,BottomSurface = Enum.SurfaceType.SmoothNoOutlines,FrontSurface = Enum.SurfaceType.SmoothNoOutlines,LeftSurface = Enum.SurfaceType.SmoothNoOutlines,RightSurface = Enum.SurfaceType.SmoothNoOutlines,TopSurface = Enum.SurfaceType.SmoothNoOutlines,})
Mesh = New("SpecialMesh",Wedge,"Mesh",{Scale = Vector3.new(1, 1, 0.861280859),MeshType = Enum.MeshType.Wedge,})
mot = New("Weld",Wedge,"mot",{Part0 = Wedge,Part1 = Handle,C0 = CFrame.new(0, 0, 0, 0.999851882, -0.0172098912, 3.44961882e-06, 9.9465251e-06, 0.000738390256, 1.0000006, -0.0172099192, -0.999853015, 0.000738452654),C1 = CFrame.new(0.790651679, -0.212089539, 2.07424164e-05, 0.0172098875, 0.999853492, -1.80598714e-09, -7.30156898e-07, 1.19907781e-08, 1.00000083, 0.999851942, -0.0172098596, 1.4975667e-06),})
Wedge = New("WedgePart",m,"Wedge",{Material = Enum.Material.SmoothPlastic,Size = Vector3.new(0.200000003, 0.200000003, 0.200000003),CFrame = CFrame.new(3.4904809, 1.98827124, -23.5162678, -0.999852061, -0.0148990965, 0.00861407723, 0.0172099397, -0.865535975, 0.500560343, -4.36594746e-06, 0.500633478, 0.865662456),CanCollide = false,BackSurface = Enum.SurfaceType.SmoothNoOutlines,BottomSurface = Enum.SurfaceType.SmoothNoOutlines,FrontSurface = Enum.SurfaceType.SmoothNoOutlines,LeftSurface = Enum.SurfaceType.SmoothNoOutlines,RightSurface = Enum.SurfaceType.SmoothNoOutlines,TopSurface = Enum.SurfaceType.SmoothNoOutlines,})
Mesh = New("SpecialMesh",Wedge,"Mesh",{Scale = Vector3.new(0.24608025, 0.369120389, 0.861280918),MeshType = Enum.MeshType.Wedge,})
mot = New("Weld",Wedge,"mot",{Part0 = Wedge,Part1 = Handle,C0 = CFrame.new(0, 0, 0, -0.999851942, 0.0172099397, -3.59863043e-06, -0.0148994327, -0.865533173, 0.500632644, 0.00861338526, 0.500558794, 0.865661025),C1 = CFrame.new(0.0940393209, 0.0849266052, 1.54972076e-05, 0.0172098875, 0.999853492, -1.80598714e-09, -7.30156898e-07, 1.19907781e-08, 1.00000083, 0.999851942, -0.0172098596, 1.4975667e-06),})
Wedge = New("WedgePart",m,"Wedge",{Material = Enum.Material.SmoothPlastic,Size = Vector3.new(0.442944348, 0.200000003, 0.200000003),CFrame = CFrame.new(3.37415838, 2.37982368, -23.1609974, 0.0172098633, 1.48413446e-05, 0.999851882, 0.999856234, 0.0007376945, -0.0172097869, -0.000737846654, 1.00000215, 7.44058752e-08),CanCollide = false,BackSurface = Enum.SurfaceType.SmoothNoOutlines,BottomSurface = Enum.SurfaceType.SmoothNoOutlines,FrontSurface = Enum.SurfaceType.SmoothNoOutlines,LeftSurface = Enum.SurfaceType.SmoothNoOutlines,RightSurface = Enum.SurfaceType.SmoothNoOutlines,TopSurface = Enum.SurfaceType.SmoothNoOutlines,})
Mesh = New("SpecialMesh",Wedge,"Mesh",{Scale = Vector3.new(1, 0.369120389, 0.492160529),MeshType = Enum.MeshType.Wedge,})
mot = New("Weld",Wedge,"mot",{Part0 = Wedge,Part1 = Handle,C0 = CFrame.new(0, 0, 0, 0.0172098093, 0.999853015, -0.000737842987, 1.40741467e-05, 0.000737707771, 1.00000048, 0.999851823, -0.0172097888, -6.92903996e-07),C1 = CFrame.new(0.483531356, 0.440196991, -0.12302804, 0.0172098875, 0.999853492, -1.80598714e-09, -7.30156898e-07, 1.19907781e-08, 1.00000083, 0.999851942, -0.0172098596, 1.4975667e-06),})
Wedge = New("WedgePart",m,"Wedge",{Material = Enum.Material.SmoothPlastic,Size = Vector3.new(0.61520052, 0.200000003, 0.200000003),CFrame = CFrame.new(3.35783243, 1.43252242, -23.1602993, 0.0172098633, 1.48413446e-05, 0.999851882, 0.999856234, 0.0007376945, -0.0172097869, -0.000737846654, 1.00000215, 7.44058752e-08),CanCollide = false,BackSurface = Enum.SurfaceType.SmoothNoOutlines,BottomSurface = Enum.SurfaceType.SmoothNoOutlines,FrontSurface = Enum.SurfaceType.SmoothNoOutlines,LeftSurface = Enum.SurfaceType.SmoothNoOutlines,RightSurface = Enum.SurfaceType.SmoothNoOutlines,TopSurface = Enum.SurfaceType.SmoothNoOutlines,})
Mesh = New("SpecialMesh",Wedge,"Mesh",{Scale = Vector3.new(1, 0.369120389, 0.492160529),MeshType = Enum.MeshType.Wedge,})
mot = New("Weld",Wedge,"mot",{Part0 = Wedge,Part1 = Handle,C0 = CFrame.new(0, 0, 0, 0.0172098093, 0.999853015, -0.000737842987, 1.40741467e-05, 0.000737707771, 1.00000048, 0.999851823, -0.0172097888, -6.92903996e-07),C1 = CFrame.new(-0.463909149, 0.440895081, -0.123048544, 0.0172098875, 0.999853492, -1.80598714e-09, -7.30156898e-07, 1.19907781e-08, 1.00000083, 0.999851942, -0.0172098596, 1.4975667e-06),})
Wedge = New("WedgePart",m,"Wedge",{Material = Enum.Material.SmoothPlastic,Size = Vector3.new(1.47648132, 0.200000003, 0.200000003),CFrame = CFrame.new(3.61130548, 1.85886192, -23.160614, -0.0172098689, 1.04156998e-05, -0.99985218, -0.999856234, 0.000738191127, 0.0172097925, 0.000738266157, 1.00000238, -4.55221243e-06),CanCollide = false,BackSurface = Enum.SurfaceType.SmoothNoOutlines,BottomSurface = Enum.SurfaceType.SmoothNoOutlines,FrontSurface = Enum.SurfaceType.SmoothNoOutlines,LeftSurface = Enum.SurfaceType.SmoothNoOutlines,RightSurface = Enum.SurfaceType.SmoothNoOutlines,TopSurface = Enum.SurfaceType.SmoothNoOutlines,})
Mesh = New("SpecialMesh",Wedge,"Mesh",{Scale = Vector3.new(1, 0.369120389, 0.492160529),MeshType = Enum.MeshType.Wedge,})
mot = New("Weld",Wedge,"mot",{Part0 = Wedge,Part1 = Handle,C0 = CFrame.new(0, 0, 0, -0.0172098149, -0.999853075, 0.00073826249, 9.64850187e-06, 0.00073820434, 1.00000072, -0.999852121, 0.0172097944, -3.78489494e-06),C1 = CFrame.new(-0.0332713127, 0.440580368, 0.123049498, 0.0172098875, 0.999853492, -1.80598714e-09, -7.30156898e-07, 1.19907781e-08, 1.00000083, 0.999851942, -0.0172098596, 1.4975667e-06),})
Wedge = New("WedgePart",m,"Wedge",{BrickColor = BrickColor.new("Black"),Material = Enum.Material.SmoothPlastic,Size = Vector3.new(0.36912033, 0.738240778, 0.200000003),CFrame = CFrame.new(3.50183868, 2.64789343, -23.8132629, 0.999851942, 1.0818032e-05, -0.017209895, -0.0172098186, 0.000737608876, -0.999856234, 4.13497901e-06, 1.00000238, 0.000737691764),CanCollide = false,BackSurface = Enum.SurfaceType.SmoothNoOutlines,BottomSurface = Enum.SurfaceType.SmoothNoOutlines,FrontSurface = Enum.SurfaceType.SmoothNoOutlines,LeftSurface = Enum.SurfaceType.SmoothNoOutlines,RightSurface = Enum.SurfaceType.SmoothNoOutlines,TopSurface = Enum.SurfaceType.SmoothNoOutlines,Color = Color3.new(0.105882, 0.164706, 0.207843),})
Mesh = New("SpecialMesh",Wedge,"Mesh",{Scale = Vector3.new(1, 1, 0.738240719),MeshType = Enum.MeshType.Wedge,})
mot = New("Weld",Wedge,"mot",{Part0 = Wedge,Part1 = Handle,C0 = CFrame.new(0, 0, 0, 0.999851882, -0.0172098186, 3.36766243e-06, 1.00508332e-05, 0.000737622147, 1.00000072, -0.0172098409, -0.999853015, 0.000737688097),C1 = CFrame.new(0.753758311, -0.212068558, 1.93119049e-05, 0.0172098875, 0.999853492, -1.80598714e-09, -7.30156898e-07, 1.19907781e-08, 1.00000083, 0.999851942, -0.0172098596, 1.4975667e-06),})
Wedge = New("WedgePart",m,"Wedge",{Material = Enum.Material.SmoothPlastic,Size = Vector3.new(0.344512254, 0.787456751, 0.200000003),CFrame = CFrame.new(3.49357963, 2.16808391, -23.8129005, 0.999852061, -1.05647114e-05, 0.0172100067, -0.0172099303, -0.000737611321, 0.999856114, 4.36594746e-06, -1.00000226, -0.000737689785),CanCollide = false,BackSurface = Enum.SurfaceType.SmoothNoOutlines,BottomSurface = Enum.SurfaceType.SmoothNoOutlines,FrontSurface = Enum.SurfaceType.SmoothNoOutlines,LeftSurface = Enum.SurfaceType.SmoothNoOutlines,RightSurface = Enum.SurfaceType.SmoothNoOutlines,TopSurface = Enum.SurfaceType.SmoothNoOutlines,})
Mesh = New("SpecialMesh",Wedge,"Mesh",{Scale = Vector3.new(1, 1, 0.861280859),MeshType = Enum.MeshType.Wedge,})
mot = New("Weld",Wedge,"mot",{Part0 = Wedge,Part1 = Handle,C0 = CFrame.new(0, 0, 0, 0.999851942, -0.0172099303, 3.59863043e-06, -9.79751348e-06, -0.000737624592, -1.0000006, 0.0172099527, 0.999852955, -0.000737686118),C1 = CFrame.new(0.273878455, -0.211706161, 1.90734863e-05, 0.0172098875, 0.999853492, -1.80598714e-09, -7.30156898e-07, 1.19907781e-08, 1.00000083, 0.999851942, -0.0172098596, 1.4975667e-06),})
Wedge = New("WedgePart",m,"Wedge",{BrickColor = BrickColor.new("Black"),Material = Enum.Material.SmoothPlastic,Size = Vector3.new(0.36912033, 0.738240659, 0.200000003),CFrame = CFrame.new(3.49420977, 2.20497489, -23.8129292, 0.999852061, -1.05647114e-05, 0.0172100067, -0.0172099303, -0.000737611321, 0.999856114, 4.36594746e-06, -1.00000226, -0.000737689785),CanCollide = false,BackSurface = Enum.SurfaceType.SmoothNoOutlines,BottomSurface = Enum.SurfaceType.SmoothNoOutlines,FrontSurface = Enum.SurfaceType.SmoothNoOutlines,LeftSurface = Enum.SurfaceType.SmoothNoOutlines,RightSurface = Enum.SurfaceType.SmoothNoOutlines,TopSurface = Enum.SurfaceType.SmoothNoOutlines,Color = Color3.new(0.105882, 0.164706, 0.207843),})
Mesh = New("SpecialMesh",Wedge,"Mesh",{Scale = Vector3.new(1, 1, 0.738240719),MeshType = Enum.MeshType.Wedge,})
mot = New("Weld",Wedge,"mot",{Part0 = Wedge,Part1 = Handle,C0 = CFrame.new(0, 0, 0, 0.999851942, -0.0172099303, 3.59863043e-06, -9.79751348e-06, -0.000737624592, -1.0000006, 0.0172099527, 0.999852955, -0.000737686118),C1 = CFrame.new(0.310774684, -0.211734772, 1.43051147e-05, 0.0172098875, 0.999853492, -1.80598714e-09, -7.30156898e-07, 1.19907781e-08, 1.00000083, 0.999851942, -0.0172098596, 1.4975667e-06),})

for _,v in pairs(m:children()) do
if v:IsA("Part") then
v.CanCollide = false
end
end
for _,v in pairs(m:children()) do
if v:IsA("Part") then
v.Material = "Neon"
end
end
spawn(function()
while wait() do
for _,v in pairs(m:children()) do
if v:IsA("Part") then
v.BrickColor=BrickColor.random()
end
end
end
end)


function rayCast(Position, Direction, Range, Ignore)
    return game:service("Workspace"):FindPartOnRay(Ray.new(Position, Direction.unit * (Range or 999.999)), Ignore) 
end 

--[[FindNearestTorso = function(pos)
    local list = (game.Workspace:children())
    local torso = nil
    local dist = 1000
    local temp, human, temp2 = nil, nil, nil
    for x = 1, #list do
        temp2 = list[x]
        if temp2.className == "Model" and temp2.Name ~= Character.Name then
            temp = temp2:findFirstChild("Torso")
            human = temp2:findFirstChild("Humanoid")
            if temp ~= nil and human ~= nil and human.Health > 0 and (temp.Position - pos).magnitude < dist then
                local dohit = true
                if dohit == true then
                    torso = temp
                    dist = (temp.Position - pos).magnitude
                end
            end
        end
    end
    return torso, dist
end]]
function FindNearestTorso(Position, Distance, SinglePlayer)
    if SinglePlayer then
        return (SinglePlayer.Torso.CFrame.p - Position).magnitude < Distance
    end
    local List = {}
    for i, v in pairs(workspace:GetChildren()) do
        if v:IsA("Model") then
            if v:findFirstChild("Torso") then
                if v ~= Character then
                    if (v.Torso.Position - Position).magnitude <= Distance then
                        table.insert(List, v)
                    end 
                end 
            end 
        end 
    end
    return List
end
function Damage(Part, hit, minim, maxim, knockback, Type, Property, Delay, HitSound, HitPitch)
    if hit.Parent == nil then
        return
    end
    local h = hit.Parent:FindFirstChild("Humanoid")
    for _, v in pairs(hit.Parent:children()) do
        if v:IsA("Humanoid") then
            h = v
        end
    end
    if h ~= nil and hit.Parent.Name ~= Character.Name and hit.Parent:FindFirstChild("Torso") ~= nil then
        if hit.Parent:findFirstChild("DebounceHit") ~= nil then
            if hit.Parent.DebounceHit.Value == true then
                return
            end
        end
        local c = Create("ObjectValue"){
            Name = "creator",
            Value = game:service("Players").LocalPlayer,
            Parent = h,
        }
        game:GetService("Debris"):AddItem(c, .5)
        if HitSound ~= nil and HitPitch ~= nil then
            CFuncs.Sound.Create(HitSound, hit, 1, HitPitch) 
        end
        local Damage = math.random(minim, maxim)
        local blocked = false
        local block = hit.Parent:findFirstChild("Block")
        if block ~= nil then
            if block.className == "IntValue" then
                if block.Value > 0 then
                    blocked = true
                    block.Value = block.Value - 1
                    print(block.Value)
                end
            end
        end
        if blocked == false then
            h.Health = h.Health - Damage
            ShowDamage((Part.CFrame * CFrame.new(0, 0, (Part.Size.Z / 2)).p + Vector3.new(0, 1.5, 0)), -Damage, 1.5, BrickColor.new("Really black").Color)
        else
            h.Health = h.Health - (Damage / 2)
            ShowDamage((Part.CFrame * CFrame.new(0, 0, (Part.Size.Z / 2)).p + Vector3.new(0, 1.5, 0)), -Damage, 1.5, BrickColor.new("Really black").Color)
        end
        if Type == "Knockdown" then
            local hum = hit.Parent.Humanoid
            hum.PlatformStand = true
            coroutine.resume(coroutine.create(function(HHumanoid)
                swait(1)
                HHumanoid.PlatformStand = false
            end), hum)
            local angle = (hit.Position - (Property.Position + Vector3.new(0, 0, 0))).unit
            local bodvol = Create("BodyVelocity"){
                velocity = angle * knockback,
                P = 5000,
                maxForce = Vector3.new(8e+003, 8e+003, 8e+003),
                Parent = hit,
            }
            local rl = Create("BodyAngularVelocity"){
                P = 3000,
                maxTorque = Vector3.new(500000, 500000, 500000) * 50000000000000,
                angularvelocity = Vector3.new(math.random(-10, 10), math.random(-10, 10), math.random(-10, 10)),
                Parent = hit,
            }
            game:GetService("Debris"):AddItem(bodvol, .5)
            game:GetService("Debris"):AddItem(rl, .5)
        elseif Type == "Normal" then
            local vp = Create("BodyVelocity"){
                P = 500,
                maxForce = Vector3.new(math.huge, 0, math.huge),
                velocity = Property.CFrame.lookVector * knockback + Property.Velocity / 1.05,
            }
            if knockback > 0 then
                vp.Parent = hit.Parent.Torso
            end
            game:GetService("Debris"):AddItem(vp, .5)
        elseif Type == "Up" then
            local bodyVelocity = Create("BodyVelocity"){
                velocity = Vector3.new(0, 20, 0),
                P = 5000,
                maxForce = Vector3.new(8e+003, 8e+003, 8e+003),
                Parent = hit,
            }
            game:GetService("Debris"):AddItem(bodyVelocity, .5)
        elseif Type == "DarkUp" then
            coroutine.resume(coroutine.create(function()
                for i = 0, 1, 0.1 do
                    swait()
                    Effects.Block.Create(BrickColor.new("Black"), hit.Parent.Torso.CFrame, 5, 5, 5, 1, 1, 1, .08, 1)
                end
            end))
            local bodyVelocity = Create("BodyVelocity"){
                velocity = Vector3.new(0, 20, 0),
                P = 5000,
                maxForce = Vector3.new(8e+003, 8e+003, 8e+003),
                Parent = hit,
            }
            game:GetService("Debris"):AddItem(bodyVelocity, 1)
        elseif Type == "Snare" then
            local bp = Create("BodyPosition"){
                P = 2000,
                D = 100,
                maxForce = Vector3.new(math.huge, math.huge, math.huge),
                position = hit.Parent.Torso.Position,
                Parent = hit.Parent.Torso,
            }
            game:GetService("Debris"):AddItem(bp, 1)
        elseif Type == "Freeze" then
            local BodPos = Create("BodyPosition"){
                P = 50000,
                D = 1000,
                maxForce = Vector3.new(math.huge, math.huge, math.huge),
                position = hit.Parent.Torso.Position,
                Parent = hit.Parent.Torso,
            }
            local BodGy = Create("BodyGyro") {
                maxTorque = Vector3.new(4e+005, 4e+005, 4e+005) * math.huge ,
                P = 20e+003,
                Parent = hit.Parent.Torso,
                cframe = hit.Parent.Torso.CFrame,
            }
            hit.Parent.Torso.Anchored = true
            coroutine.resume(coroutine.create(function(Part) 
                swait(1.5)
                Part.Anchored = false
            end), hit.Parent.Torso)
            game:GetService("Debris"):AddItem(BodPos, 3)
            game:GetService("Debris"):AddItem(BodGy, 3)
        end
